2.35458467783,1.23016551714,0.445501705204,1.85127235428
0.346119520677,0.778299640016,1.56296345195,0.157192802876
1.76185597215,0.637436811457,0.147227000479,1.2585436486
1.18652456998,0.0621054092846,0.722558402651,0.683212246425
2.24516415952,1.12074499883,0.336081186893,1.74185183597
1.04524784333,0.0791713173673,0.863835129303,0.541935519773
0.153501278631,1.27792043932,2.06258425126,0.656813602184
0.912786181385,0.211632979309,0.996296791244,0.409473857832
0.200441551918,0.923977608775,1.70864142071,0.302870771635
0.279386201732,0.845032958961,1.6296967709,0.223926121821
0.768560339264,0.355858821429,1.14052263336,0.265248015711
0.025975239024,1.09844392167,1.8831077336,0.477337084529
1.34088285523,0.216463694532,0.568200117403,0.837570531673
0.605278512922,0.519140647771,1.30380445971,0.101966189369
1.09740150226,0.0270176584361,0.811681470372,0.594089178704
0.367834903595,0.756584257098,1.54124806903,0.135477419958
0.317905126719,0.806514033974,1.59117784591,0.185407196833
1.13153328371,0.00711412301827,0.777549688917,0.628220960158
0.539972299597,0.584446861096,1.36911067303,0.0366599760441
1.59352494597,0.469105785279,0.315558026657,1.09021262242
0.401615825704,0.722803334989,1.50746714692,0.101696497849
0.227045972567,0.897373188126,1.68203700006,0.276266350986
0.506847407621,0.617571753072,1.40223556501,0.00353508406827
1.09388745905,0.0305317016413,0.815195513577,0.590575135499
0.668431446283,0.45598771441,1.24065152635,0.16511912273
0.507955652871,0.616463507822,1.40112731976,0.00464332931775
0.241495676012,0.882923484681,1.66758729662,0.261816647541
1.10329330246,0.0211258582344,0.80578967017,0.599980978906
0.727505122476,0.396914038217,1.18157785015,0.224192798924
1.53541518628,0.410996025587,0.373667786349,1.03210286273
1.59203916231,0.467620001614,0.317043810322,1.08872683875
0.0154790715794,1.10894008911,1.89360390105,0.487833251974
1.03383821417,0.09058094652,0.875244758456,0.53052589062
1.71445193753,0.590032776834,0.194631035102,1.21113961397
0.139540533377,0.984878627316,1.76954243925,0.363771790176
0.735023724507,0.389395436186,1.17405924812,0.231711400954
0.470692885844,1.59511204654,2.37977585847,0.974005209397
0.451934085166,0.672485075528,1.45714888746,0.0513782383874
0.340896784141,1.46531594483,2.24997975677,0.844209107694
0.277409771487,0.847009389206,1.63167320114,0.225902552066
0.856214236633,1.98063339733,2.76529720926,1.35952656019
0.74220625389,0.382212906803,1.16687671874,0.238893930337
0.562342346342,0.562076814351,1.34674062629,0.0590300227892
0.16908503977,0.955334120923,1.73999793286,0.334227283783
0.00842704598566,1.11599211471,1.90065592664,0.494885277567
1.32051138623,0.196092225532,0.588571586403,0.817199062673
0.130203360395,0.994215800298,1.77887961223,0.373108963158
1.03883448207,0.0855846786206,0.870248490556,0.53552215852
1.29241435747,0.167995196778,0.616668615157,0.789102033919
1.90655932401,0.782140163321,0.00252364861504,1.40324700046
0.0796812876676,1.04473787303,1.82940168496,0.423631035885
0.838989215414,0.285429945279,1.07009375721,0.335676891861
2.02444872836,0.900029567666,0.11536575573,1.52113640481
0.142044818011,0.982374342682,1.76703815462,0.361267505542
0.956773280557,0.167645880136,0.952309692072,0.453460957004
1.57683959814,0.452420437444,0.332243374492,1.07352727458
1.79502818441,0.670609023715,0.114054788221,1.29171586086
1.36102629992,0.236607139224,0.548056672712,0.857713976364
1.12880944088,0.00439028018936,0.780273531746,0.62549711733
0.58407675311,0.540342407583,1.32500621952,0.0807644295573
0.112673814293,1.23709297499,2.02175678692,0.615986137846
0.477611764615,0.646807396078,1.43147120801,0.0257005589378
1.16054800313,0.0361288424376,0.748534969498,0.657235679578
0.832185601617,0.292233559076,1.07689737101,0.328873278064
0.872627730497,0.251791430196,1.03645524213,0.369315406944
2.26160314825,1.13718398755,0.352520175619,1.75829082469
0.775988266025,0.348430894668,1.1330947066,0.272675942472
2.30898733993,1.18456817924,0.399904367301,1.80567501638
0.625070965559,0.499348195134,1.28401200707,0.121758642006
1.59300665039,0.468587489697,0.316076322239,1.08969432684
0.951118536137,0.173300624556,0.957964436492,0.447806212584
0.1443253246,0.980093836093,1.76475764803,0.358986998953
0.754220343129,0.370198817564,1.1548626295,0.250908019576
0.933170241748,0.191248918945,0.975912730881,0.429857918195
0.379538355716,0.744880804977,1.52954461691,0.123773967837
1.04090283113,0.0835163295638,0.868180141499,0.537590507576
2.05707488322,0.932655722522,0.147991910587,1.55376255966
1.11137054331,0.0130486173838,0.797712429319,0.608058219756
0.568094219326,0.556324941367,1.3409887533,0.064781895773
0.561347907324,0.563071253369,1.3477350653,0.0580355837708
0.88918587252,0.235233288174,1.01989710011,0.385873548967
0.555620247135,0.568798913558,1.35346272549,0.052307923582
0.302375899829,0.822043260864,1.6067070728,0.200936423724
0.0199082164054,1.10451094429,1.88917475622,0.483404107148
1.74388209047,0.619462929773,0.165200882163,1.24056976691
0.634875554872,0.489543605821,1.27420741776,0.131563231319
2.29436637761,1.16994721692,0.385283404982,1.79105405406
0.899254035893,0.2251651248,1.00982893674,0.39594171234
0.756922149441,0.367497011252,1.15216082319,0.253609825889
1.59738274053,0.472963579833,0.311700232102,1.09407041697
0.302770934997,0.821648225696,1.60631203763,0.200541388556
0.349333039235,0.775086121458,1.55974993339,0.153979284318
1.709335989,0.584916828302,0.199746983633,1.20602366544
1.20081122786,0.0763920671655,0.70827174477,0.697498904306
1.61845440287,0.494035242174,0.290628569762,1.11514207931
0.389247597285,0.735171563408,1.51983537534,0.114064726268
1.18103368201,0.0566145213205,0.728049290615,0.677721358461
1.7857838893,0.661364728607,0.123299083329,1.28247156575
1.49144491562,0.367025754928,0.417638057008,0.988132592068
1.13334487671,0.0089257160132,0.775738095922,0.630032553153
1.30376708848,0.179347927789,0.605315884147,0.800454764929
1.17637829195,0.0519591312519,0.732704680684,0.673065968392
1.13569239299,0.0112732322977,0.773390579638,0.632380069438
0.824051040832,0.300368119861,1.0850319318,0.320738717279
0.136078746598,0.988340414096,1.77300422603,0.367233576955
0.174813388087,0.949605772606,1.73426958454,0.328498935466
0.0870264481051,1.03739271259,1.82205652452,0.416285875448
1.81450902558,0.690089864882,0.0945739470536,1.31119670202
2.03302125659,0.908602095899,0.123938283963,1.52970893304
1.0958559496,0.0285632110927,0.813227023028,0.592543626047
0.135442192432,1.25986135313,2.04452516506,0.638754515985
1.85142469154,0.727005530851,0.0576582810845,1.34811236799
0.464208329479,0.660210831214,1.44487464315,0.0391039940737
1.61609319258,0.491674031885,0.29298978005,1.11278086903
0.951118536137,0.173300624556,0.957964436492,0.447806212584
1.53962328476,0.415204124063,0.369459687873,1.0363109612
0.958392155302,0.166027005391,0.950690817326,0.455079831749
0.275228305242,0.849190855451,1.63385466739,0.228084018311
1.54025237215,0.415833211461,0.368830600475,1.0369400486
0.986414357427,0.138004803267,0.922668615202,0.483102033874
0.260846299617,0.863572861076,1.64823667301,0.242466023936
2.08404957082,0.959630410122,0.174966598186,1.58073724726
0.488717043815,0.635702116878,1.42036592881,0.0145952797382
1.72823469015,0.603815529456,0.18084828248,1.2249223666
0.317389996404,0.807029164289,1.59169297622,0.185922327149
0.647867793642,0.476551367051,1.26121517899,0.14455547009
1.20370439698,0.0792852362833,0.705378575652,0.700392073424
0.623880509401,0.500538651293,1.28520246323,0.120568185848
1.0154509616,0.108968199096,0.893632011031,0.512138638044
0.0446852122115,1.1691043729,1.95376818484,0.547997535764
0.552563485227,0.571855675466,1.3565194874,0.0492511616739
0.799673646701,0.324745513992,1.10940932593,0.296361323148
0.156708741617,0.967710419077,1.75237423101,0.346603581936
1.29662219228,0.172203031592,0.612460780344,0.793309868732
1.43823854328,0.313819382586,0.470844429349,0.934926219727
2.012696157,0.888276996303,0.103613184367,1.50938383344
0.427859543724,0.696559616969,1.4812234289,0.0754527798286
0.163880316883,0.96053884381,1.74520265575,0.33943200667
0.352385016767,0.772034143926,1.55669795586,0.150927306786
0.993791798642,0.130627362052,0.915291173987,0.490479475089
0.483757447364,0.640661713329,1.42532552526,0.019554876189
0.787668718142,0.336750442552,1.12141425449,0.284356394589
0.9621366809,0.162282479793,0.946946291728,0.458824357347
0.382242485652,0.742176675041,1.52684048698,0.121069837901
0.793551770427,0.330867390266,1.1155312022,0.290239446874
0.0637185859554,1.06070057474,1.84536438667,0.439593737598
0.455608991217,0.668810169477,1.45347398141,0.0477033323363
0.788012743099,0.336406417594,1.12107022953,0.284700419546
0.184827787828,0.939591372865,1.7242551848,0.318484535725
1.03258306375,0.0918360969464,0.876499908882,0.529270740194
0.239668346282,0.884750814411,1.66941462635,0.263643977271
1.70344022525,0.579021064558,0.205642747378,1.2001279017
0.95837778312,0.166041377573,0.950705189509,0.455065459567
0.170335453368,1.29475461406,2.079418426,0.673647776921
1.75286540055,0.628446239858,0.156217572078,1.249553077
0.141788495523,0.98263066517,1.76729447711,0.36152382803
0.762412067475,0.362007093219,1.14667090515,0.259099743922
0.977420104091,0.146999056602,0.931662868538,0.474107780538
0.739375878124,0.385043282569,1.1697070945,0.236063554571
0.156906396003,0.96751276469,1.75217657663,0.34640592755
0.487883608545,0.636535552148,1.42119936408,0.0154287150078
1.08505200594,0.0393671547567,0.824030966692,0.581739682383
0.266166616833,0.85825254386,1.6429163558,0.23714570672
0.897075714106,0.227343446587,1.01200725852,0.393763390553
0.265100636545,0.859318524148,1.64398233608,0.238211687008
0.242854922101,0.881564238592,1.66622805053,0.260457401452
2.27551282221,1.15109366152,0.366429849581,1.77220049866
0.635805007871,0.488614152822,1.27327796476,0.132492684318
1.22663213075,0.102212970057,0.682450841879,0.723319807197
0.611617886519,0.512801274174,1.29746508611,0.108305562966
0.858145887172,0.266273273521,1.05093708546,0.354833563619
0.523582542934,0.600836617759,1.38550042969,0.020270219381
1.45608493734,0.331665776652,0.452998035284,0.952772613792
0.44791160513,0.676507555563,1.4611713675,0.0554007184228
1.1934640048,0.0690448441044,0.715618967831,0.690151681245
0.489378271087,0.635040889606,1.41970470154,0.0139340524662
0.650554005037,0.473865155656,1.25852896759,0.147241681484
0.56144202147,0.562977139223,1.34764095116,0.0581296979171
1.39538336487,0.270964204181,0.513699607755,0.892071041321
0.346747779043,0.77767138165,1.56233519359,0.15656454451
0.675149845615,0.449269315078,1.23393312701,0.171837522062
1.53893675467,0.414517593975,0.370146217961,1.03562443112
0.246831851815,0.877587308878,1.66225112081,0.256480471738
2.30239465007,1.17797548937,0.393311677439,1.79908232651
0.0972739482821,1.02714521241,1.81180902435,0.406038375271
0.174241387283,1.29866054798,2.08332435991,0.677553710836
1.01766813755,0.10675102314,0.891414835075,0.514355814001
1.0261587493,0.0982604113965,0.882924223332,0.522846425744
1.62446685363,0.500047692942,0.284616118994,1.12115453008
1.14034848932,0.0159293286317,0.768734483304,0.637036165772
0.314879959217,0.809539201476,1.59420301341,0.188432364336
0.92230802369,0.202111137003,0.986774948939,0.418995700137
0.376374757341,0.748044403352,1.53270821529,0.126937566212
0.568493632549,0.555925528144,1.34058934008,0.0651813089965
0.404293419222,0.720125741471,1.50478955341,0.099018904331
0.0748865176013,1.04953264309,1.83419645503,0.428425805952
1.64288432436,0.518465163667,0.266198648268,1.13957200081
0.0422925402273,1.16671170092,1.95137551286,0.54560486378
0.884248708043,0.240170452651,1.02483426459,0.38093638449
1.62937489265,0.504955731957,0.279708079978,1.1260625691
2.1953313577,1.070912197,0.286248385069,1.69201903414
2.40817679021,1.28375762952,0.499093817581,1.90486446666
0.631736432958,0.492682727735,1.27734653967,0.128424109405
0.429976983936,0.694442176757,1.47910598869,0.0733353396166
1.19141046058,0.0669912998854,0.71767251205,0.688098137026
1.10872796051,0.0156912001782,0.800355012114,0.605415636962
1.03594786554,0.0884712951558,0.873135107091,0.532635541984
2.44930834083,1.32488918014,0.540225368206,1.94599601728
1.41546101266,0.291041851964,0.493621959971,0.912148689105
0.327648429888,0.796770730805,1.58143454274,0.175663893665
0.11834315429,1.0060760064,1.79073981834,0.384969169263
0.847966781137,0.276452379556,1.06111619149,0.344654457584
2.012696157,0.888276996303,0.103613184367,1.50938383344
1.27789216096,0.153473000269,0.631190811666,0.77457983741
1.13298197147,0.00856281077668,0.776101001159,0.629669647917
0.977132846319,0.147286314374,0.93195012631,0.473820522766
1.2430763365,0.118657175808,0.666006636128,0.739764012948
0.725974090183,0.39844507051,1.18310888245,0.22266176663
1.4653555052,0.340936344504,0.443727467431,0.962043181644
2.00333408484,0.87891492415,0.0942511122147,1.50002176129
0.599041466779,0.525377693915,1.31004150585,0.0957291432257
1.31546834527,0.191049184574,0.593614627361,0.812156021715
0.0414988624583,1.08292029823,1.86758411017,0.461813461095
1.0717902897,0.0526288709917,0.837292682927,0.568477966148
1.0782611036,0.0461580570954,0.830821869031,0.574948780045
0.936326862163,0.18809229853,0.972756110465,0.43301453861
0.43008454613,1.55450370682,2.33916751876,0.933396869682
0.706420180646,0.417998980048,1.20266279198,0.203107857093
0.00906219714927,1.13348135784,1.91814516978,0.512374520702
1.58691706485,0.462497904152,0.322165907783,1.08360474129
0.0187968266971,1.105622334,1.89028614593,0.484515496856
1.15806355324,0.0336443925446,0.751019419391,0.654751229685
1.52421498205,0.399795821352,0.384867990584,1.02090265849
1.54838788473,0.423968724037,0.360695087899,1.04507556118
0.620911835472,0.503507325221,1.28817113716,0.117599511919
1.75591957342,0.631500412723,0.153163399212,1.25260724986
0.701819279936,1.82623844063,2.61090225256,1.20513160349
0.75277149366,0.371647667033,1.15631147897,0.249459170107
0.470433493193,0.6539856675,1.43864947944,0.0328788303601
0.610754353191,0.513664807502,1.29832861944,0.107442029638
0.107028636874,1.23144779757,2.0161116095,0.610340960427
0.0580349688788,1.06638419181,1.85104800375,0.445277354674
2.13261873797,1.00819957727,0.223535765337,1.62930641441
1.43249106096,0.308071900271,0.476591911664,0.929178737412
1.63561248602,0.511193325326,0.27347048661,1.13230016247
0.663507689583,0.46091147111,1.24557528305,0.16019536603
1.91925433169,0.794835170996,0.0101713590604,1.41594200814
0.457647789437,0.666771371256,1.45143518319,0.0456645341156
0.190020038684,1.31443919938,2.09910301131,0.693332362237
0.646322240986,0.478096919707,1.26276073164,0.143009917433
1.92481937078,0.800400210083,0.0157363981478,1.42150704722
0.964025892462,2.08844505315,2.87310886509,1.46733821601
0.63817196252,0.486247198173,1.27091101011,0.134859638967
0.978908881369,0.145510279325,0.93017409126,0.475596557816
1.1311524464,0.0067332857091,0.777930526227,0.627840122849
1.63870207417,0.51428291348,0.270380898455,1.13538975062
0.954942532754,0.169476627939,0.954140439875,0.451630209201
0.173403666398,0.951015494295,1.73567930623,0.329908657155
1.10872796051,0.0156912001782,0.800355012114,0.605415636962
0.375656228275,0.748762932418,1.53342674435,0.127656095278
1.32014535642,0.195726195728,0.588937616207,0.816833032869
0.464208329479,0.660210831214,1.44487464315,0.0391039940737
0.0620758304384,1.18649499113,1.97115880307,0.565388153991
0.519710529716,0.604708630977,1.38937244291,0.0163982061632
1.92803027948,0.803611118788,0.0189473068522,1.42471795593
1.10426243866,0.0201567220367,0.804820533972,0.600950115103
0.260797331225,0.863621829468,1.6482856414,0.242514992328
1.21425965523,0.0898404945396,0.694823317396,0.71094733168
0.0347847487429,1.15920390944,1.94386772137,0.538097072296
0.0662926768304,1.19071183752,1.97537564946,0.569605000383
0.394824782462,0.729594378231,1.51425819017,0.108487541091
1.69852015029,0.574100989594,0.210562822342,1.19520782673
1.32581514854,0.201395987844,0.583267824092,0.822502824984
0.471843892145,0.652575268549,1.43723908048,0.0314684314084
2.1233494037,0.998930243011,0.214266431075,1.62003708015
0.0215927929528,1.14601195365,1.93067576558,0.524905116506
0.937631522527,0.186787638166,0.971451450101,0.434319198975
1.76210751026,0.63768834957,0.146975462366,1.25879518671
0.923847143859,0.200572016835,0.98523582877,0.420534820306
0.384489477862,0.739929682831,1.52459349477,0.118822845691
1.98839386577,0.86397470508,0.0793108931446,1.48508154222
0.732044654551,0.392374506143,1.17703831808,0.228732330998
0.693507949256,0.430911211437,1.21557502337,0.190195625703
0.197777402523,1.32219656322,2.10686037515,0.701089726076
1.93318028962,0.808761128924,0.0240973169879,1.42986796606
0.644545113243,0.47987404745,1.26453785939,0.14123278969
0.284688183223,0.83973097747,1.62439478941,0.21862414033
0.360467182896,0.763951977797,1.54861578973,0.142845140657
0.264507127905,0.859912032789,1.64457584472,0.238805195648
1.87973140069,0.755312239996,0.0293515719398,1.37641907714
0.633285544587,0.491133616106,1.27579742804,0.129973221034
0.280137840607,0.844281320087,1.62894513202,0.223174482946
1.02330291895,0.101116241748,0.885780053683,0.519990595392
0.183679606577,0.940739554116,1.72540336605,0.319632716976
0.334940504873,0.78947865582,1.57414246776,0.16837181868
0.433603062498,0.690816098195,1.47547991013,0.0697092610552
2.51481467574,1.39039551505,0.605731703113,2.01150235219
1.68045599791,0.556036837212,0.228626974724,1.17714367435
1.08396907437,0.0404500863228,0.825113898258,0.580656750817
0.326573690821,0.797845469872,1.58250928181,0.176738632732
0.426858672219,0.697560488474,1.48222430041,0.0764536513342
0.805185185819,0.319233974874,1.10389778681,0.301872862266
1.07242607058,0.0519930901119,0.836656902048,0.569113747028
0.245657950559,0.878761210134,1.66342502207,0.257654372994
0.276916658632,0.847502502061,1.632166314,0.226395664921
1.27612884732,0.151709686624,0.632954125312,0.772816523764
0.577657363939,0.546761796754,1.33142560869,0.0743450403857
0.79279260637,0.331626554323,1.11629036626,0.289480282817
1.00601451361,0.118404647087,0.903068459022,0.502702190054
0.892080134332,0.232339026361,1.0170028383,0.388767810779
0.0788437452879,1.04557541541,1.83023922734,0.424468578265
0.858789193234,0.265629967459,1.0502937794,0.355476869681
1.24565925051,0.121240089817,0.663423722118,0.742346926957
0.264290723276,0.860128437417,1.64479224935,0.239021600277
0.000660040348698,1.12375912034,1.90842293228,0.502652283204
0.153501278631,1.27792043932,2.06258425126,0.656813602184
0.0579871489241,1.18240630962,1.96707012155,0.561299472477
2.17543235039,1.0510131897,0.266349377766,1.67212002684
0.896481235534,0.227937925159,1.01260173709,0.393168911981
0.500457701994,0.623961458699,1.40862527063,0.00285462155917
0.0572765387435,1.18169569944,1.96635951137,0.560588862296
1.44052315606,0.316103995368,0.468559816567,0.937210832508
2.7835953688,1.6591762081,0.874512396169,2.28028304524
1.08396907437,0.0404500863228,0.825113898258,0.580656750817
1.93837708275,0.813957922061,0.0292941101256,1.4350647592
0.149889439544,1.27430860024,2.05897241217,0.653201763097
1.7685984407,0.644179280009,0.140484531926,1.26528611715
0.798388956301,0.326030204392,1.11069401633,0.295076632748
0.977132846319,0.147286314374,0.93195012631,0.473820522766
1.38311525863,0.258696097935,0.525967714001,0.879802935075
0.628805509643,0.49561365105,1.28027746299,0.12549318609
0.175787782346,0.948631378347,1.73329519028,0.327524541207
0.920169226058,0.204249934635,0.988913746571,0.416856902505
0.964354120523,0.16006504017,0.944728852106,0.46104179697
0.602753568942,0.521665591751,1.30632940369,0.0994412453891
1.54025237215,0.415833211461,0.368830600475,1.0369400486
0.104377401269,1.02004175942,1.80470557136,0.398934922284
0.563317377749,0.561101782944,1.34576559488,0.0600050541964
0.401779559397,0.722639601297,1.50730341323,0.101532764156
2.69072039295,1.56630123226,0.781637420324,2.1874080694
1.21212974642,0.0877105857279,0.696953226208,0.708817422868
0.130356971672,0.994062189021,1.77872600096,0.372955351881
0.468760452916,0.655658707777,1.44032251971,0.0345518706372
1.17637829195,0.0519591312519,0.732704680684,0.673065968392
0.762795340308,0.361623820385,1.14628763232,0.259483016755
0.804278287557,0.320140873136,1.10480468507,0.300965964004
1.61609319258,0.491674031885,0.29298978005,1.11278086903
1.43802092586,0.313601765168,0.471062046767,0.934708602308
2.04413501276,0.919715852068,0.135052040133,1.54082268921
0.229755705958,0.894663454735,1.67932726667,0.273556617595
2.89349533672,1.76907617602,0.984412364089,2.39018301316
0.00488692666916,1.12930608736,1.9139698993,0.508199250222
1.72123477741,0.596815616717,0.187848195219,1.21792245386
0.704478359224,0.419940801469,1.2046046134,0.201166035671
0.0647409276964,1.059678233,1.84434204493,0.438571395857
0.949119118501,0.175300042192,0.959963854128,0.445806794948
0.41176962625,0.712649534443,1.49731334638,0.0915426973027
2.06746491052,0.943045749822,0.158381937886,1.56415258696
1.53668100635,0.412261845655,0.37240196628,1.0333686828
0.552563485227,0.571855675466,1.3565194874,0.0492511616739
0.53150986419,0.592909296503,1.37757310844,0.0281975406371
0.293401893079,0.831017267614,1.61568107955,0.209910430474
0.647977784513,0.47644137618,1.26110518812,0.14466546096
1.72530443507,0.60088527438,0.183778537556,1.22199211152
1.09388745905,0.0305317016413,0.815195513577,0.590575135499
1.43248572117,0.308066560479,0.476597251457,0.929173397619
1.02413758781,0.100281572881,0.884945384817,0.520825264259
0.899063643019,0.225355517674,1.01001932961,0.395751319466
0.754220343129,0.370198817564,1.1548626295,0.250908019576
0.476532987712,1.6009521484,2.38561596034,0.979845311265
1.19204676879,0.0676276080969,0.717036203839,0.688734445237
0.490776918566,0.633642242127,1.41830605406,0.0125354049872
1.49447692018,0.370057759486,0.41460605245,0.991164596626
0.772360406644,0.352058754049,1.13672256599,0.269048083091
0.995375094634,0.12904406606,0.913707877995,0.492062771081
1.43042654274,0.306007382048,0.478656429888,0.927114219188
1.82944625103,0.705027090338,0.0796367215976,1.32613392748
1.21632197812,0.0919028174287,0.692760994507,0.713009654569
1.54324839339,0.418829232694,0.365834579242,1.03993606983
1.06094311934,0.0634760413544,0.84813985329,0.557630795786
0.455962713215,0.668456447479,1.45312025941,0.0473496103384
0.469976352798,0.654442807895,1.43910661983,0.0333359707549
1.22336990747,0.0989507467722,0.685713065163,0.720057583912
1.40244606011,0.278026899414,0.506636912522,0.899133736554
0.174813388087,0.949605772606,1.73426958454,0.328498935466
0.182579027411,0.941840133282,1.72650394522,0.320733296142
1.72912898711,0.604709826413,0.179953985522,1.22581666355
0.514566404847,0.609852755846,1.39451656778,0.0112540812941
1.59203916231,0.467620001614,0.317043810322,1.08872683875
0.850004771137,0.274414389556,1.05907820149,0.346692447584
0.260846299617,0.863572861076,1.64823667301,0.242466023936
0.524459345805,0.599959814888,1.38462362682,0.0211470222521
0.10646871691,1.01795044378,1.80261425572,0.396843606643
0.109641121612,1.2340602823,2.01872409424,0.612953445165
0.887074987558,0.237344173135,1.02200798507,0.383762664005
2.35458467783,1.23016551714,0.445501705204,1.85127235428
0.986247750219,0.138171410474,0.922835222409,0.482935426666
2.01577276184,0.891353601147,0.106689789211,1.51246043829
2.21927076357,1.09485160288,0.310187790943,1.71595844002
1.13511721013,0.0106980494353,0.7739657625,0.631804886575
0.0662926768304,1.19071183752,1.97537564946,0.569605000383
2.01596849451,0.891549333814,0.106885521878,1.51265617095
0.210189365852,0.914229794842,1.69889360678,0.293122957701
1.92024221813,0.795823057433,0.0111592454974,1.41692989457
0.44640408756,0.678015073133,1.46267888507,0.0569082359929
0.84166982335,0.282749337343,1.06741314928,0.338357499797
0.794622309944,1.91904147064,2.70370528257,1.2979346335
0.353514742199,0.770904418494,1.55556823043,0.149797581354
2.70345055493,1.57903139423,0.794367582299,2.20013823137
0.558944028423,0.56547513227,1.35013894421,0.0556317048702
0.155411233786,1.27983039448,2.06449420642,0.658723557339
0.387103196195,0.737315964498,1.52197977643,0.116209127358
1.43973856642,0.315319405728,0.469344406208,0.936426242868
1.18555994454,0.0611407838517,0.723523028084,0.682247620992
0.379538355716,0.744880804977,1.52954461691,0.123773967837
0.0662926768304,1.19071183752,1.97537564946,0.569605000383
0.589617438495,0.534801722198,1.31946553413,0.0863051149421
0.069190997293,1.0552281634,1.83989197534,0.43412132626
0.967341403787,0.157077756906,0.941741568842,0.464029080234
0.14510815156,0.979311009133,1.76397482107,0.358204171993
0.384981367982,0.739437792711,1.52410160465,0.118330955571
0.668431446283,0.45598771441,1.24065152635,0.16511912273
0.191303670572,0.933115490121,1.71777930206,0.312008652981
1.95197528882,0.827556128127,0.0428923161913,1.44866296527
0.105366774107,1.01905238659,1.80371619852,0.397945549446
0.392443194633,0.73197596606,1.516639778,0.11086912892
0.312880956095,0.811538204598,1.59620201653,0.190431367458
0.983020964786,0.141398195907,0.926062007843,0.479708641233
1.21064698712,0.086227826424,0.698435985512,0.707334663564
0.473632649514,0.650786511179,1.43545032311,0.0296796740391
2.11706160835,0.99264244766,0.207978635724,1.6137492848
0.404921677588,0.719497483105,1.50416129504,0.0983906459648
0.577691425538,0.546727735155,1.33139154709,0.0743791019852
0.169888661453,0.954530499241,1.73919431118,0.3334236621
0.063789712708,1.06062944799,1.84529325992,0.439522610845
0.00304669436189,1.12137246633,1.90603627827,0.500265629191
0.0199514404378,1.10446772026,1.88913153219,0.483360883115
0.64857571148,1.77299487217,2.55765868411,1.15188803503
0.833131750424,0.29128741027,1.07595122221,0.329819426871
0.0582225090436,1.06619665165,1.85086046359,0.445089814509
0.974342265653,0.15007689504,0.934740706975,0.4710299421
0.310236605094,0.814182555599,1.59884636753,0.193075718459
1.00071414128,0.123705019413,0.908368831349,0.497401817727
0.604021451634,0.520397709059,1.30506152099,0.100709128081
3.45927316036,2.33485399967,1.55019018773,2.95596083681
0.0131404341703,1.11127872652,1.89594253846,0.490171889383
0.0350894547958,1.0893297059,1.87399351783,0.468222868757
0.0637185859554,1.06070057474,1.84536438667,0.439593737598
1.01863304654,0.105786114149,0.890449926085,0.515320722991
2.43466739467,1.31024823398,0.525584422045,1.93135507112
0.913645063046,0.210774097647,0.995437909583,0.410332739493
0.26144255901,0.862976601683,1.64764041362,0.241869764543
0.735023724507,0.389395436186,1.17405924812,0.231711400954
0.748154819526,0.376264341167,1.1609281531,0.244842495973
1.0782611036,0.0461580570954,0.830821869031,0.574948780045
0.353995810915,0.770423349778,1.55508716171,0.149316512638
0.176643043196,0.947776117497,1.73243992943,0.326669280357
0.553013647663,0.57140551303,1.35606932497,0.0497013241102
1.91506456893,0.790645408241,0.00598159630526,1.41175224538
1.54357313083,0.419153970135,0.365509841801,1.04026080727
1.40945335446,0.285034193768,0.499629618168,0.906141030908
0.617454961353,0.50696419934,1.29162801128,0.1141426378
2.01596849451,0.891549333814,0.106885521878,1.51265617095
1.67888281613,0.554463655439,0.230200156496,1.17557049258
1.66569537111,0.541276210419,0.243387601517,1.16238304756
2.39269694622,1.26827778553,0.483613973592,1.88938462267
0.470433493193,0.6539856675,1.43864947944,0.0328788303601
1.28126490245,0.156845741756,0.62781807018,0.777952578896
1.81010153258,0.68568237189,0.0989814400454,1.30678920903
0.420577573016,0.703841587677,1.48850539961,0.0827347505368
0.795180212173,0.32923894852,1.11390276046,0.29186788862
0.633285544587,0.491133616106,1.27579742804,0.129973221034
1.86364039052,0.739221229824,0.0454425821113,1.36032806696
0.512685455055,0.611733705638,1.39639751757,0.00937313150234
0.927447637794,0.196971522899,0.981635334835,0.424135314241
0.209401884559,0.915017276134,1.69968108807,0.293910438994
1.02553964342,0.0988795172776,0.883543329213,0.522227319863
1.00200827858,0.122410882109,0.907074694044,0.498695955032
1.1247295082,0.000310347510931,0.784353464425,0.621417184651
0.0259634766875,1.09845568401,1.88311949594,0.477348846866
2.10691535112,0.982496190432,0.197832378496,1.60360302757
0.729456379941,0.394962780752,1.17962659269,0.226144056388
2.60657676462,1.48215760393,0.69749379199,2.10326444107
0.577657363939,0.546761796754,1.33142560869,0.0743450403857
1.97322000899,0.848800848299,0.0641370363631,1.46990768544
1.06969157892,0.0547275817732,0.839391393709,0.566379255367
0.0788627591916,1.0455564015,1.83022021344,0.424449564361
0.205568763115,1.32998792381,2.11465173574,0.708881086668
0.158677920287,0.965741240406,1.75040505234,0.344634403266
1.55917376628,0.434754605588,0.349909206348,1.05586144273
0.77458593681,0.349833223883,1.13449703582,0.271273613257
2.39855811109,1.27413895039,0.489475138457,1.89524578753
1.85142469154,0.727005530851,0.0576582810845,1.34811236799
0.0324829028765,1.15690206357,1.94156587551,0.535795226429
1.07274819817,0.0516709625192,0.836334774455,0.569435874621
0.964354120523,0.16006504017,0.944728852106,0.46104179697
0.275228305242,0.849190855451,1.63385466739,0.228084018311
0.278869968776,0.845549191917,1.63021300385,0.224442354777
1.10983061225,0.0145885484419,0.799252360377,0.606518288698
1.57564641203,0.451227251342,0.333436560594,1.07233408848
1.46537807808,0.340958917383,0.443704894552,0.962065754524
0.33572825978,0.788690900914,1.57335471285,0.167584063773
1.81789477294,0.693475612243,0.0911881996925,1.31458244938
0.595661765473,0.52875739522,1.31342120716,0.09234944192
0.983020964786,0.141398195907,0.926062007843,0.479708641233
1.81209229431,0.687673133618,0.0969906783177,1.30877997076
0.486722298653,0.63769686204,1.42236067398,0.0165900248995
0.797711996218,0.326707164475,1.11137097641,0.294399672665
1.72583108486,0.601411924166,0.183251887769,1.22251876131
1.21787576223,0.0934566015325,0.691207210403,0.714563438673
0.0421521500312,1.08226701066,1.8669308226,0.461160173522
1.15130946233,0.0268903016406,0.757773510295,0.647997138781
0.373410875983,0.75100828471,1.53567209665,0.12990144757
0.0342612642144,1.15868042491,1.94334423684,0.537573587767
1.75354359724,0.629124436548,0.155539375387,1.25023127369
0.84166982335,0.282749337343,1.06741314928,0.338357499797
0.536721019564,0.587698141129,1.37236195306,0.0334086960109
0.623602698533,0.50081646216,1.2854802741,0.12029037498
0.704478359224,0.419940801469,1.2046046134,0.201166035671
1.21183416519,0.087415004499,0.697248807437,0.708521841639
0.552981507786,0.571437652907,1.35610146484,0.0496691842332
1.02330291895,0.101116241748,0.885780053683,0.519990595392
1.80875511077,0.684335950078,0.100327861858,1.30544278722
0.9621366809,0.162282479793,0.946946291728,0.458824357347
0.537817632519,0.586601528174,1.37126534011,0.0345053089662
0.537072011618,0.587347149075,1.37201096101,0.033759688065
0.983147218809,0.141271941884,0.92593575382,0.479834895256
0.598397764342,0.526021396351,1.31068520829,0.0950854407893
0.512685455055,0.611733705638,1.39639751757,0.00937313150234
0.730994550987,0.393424609706,1.17808842164,0.227682227434
0.0899583304888,1.0344608302,1.81912464214,0.413353993064
1.39055261149,0.266133450794,0.518530361142,0.887240287934
0.0100716281223,1.11434753257,1.89901134451,0.493240695431
0.368762870193,0.7556562905,1.54032010244,0.13454945336
0.243161597426,0.881257563267,1.6659213752,0.260150726127
0.509637573773,0.61478158692,1.39944539886,0.00632525022026
0.0453960860559,1.16981524675,1.95447905868,0.548708409609
0.206406720007,1.3308258807,2.11548969264,0.70971904356
1.1822921178,0.057872957108,0.726790854828,0.678979794248
0.574792512059,0.549626648634,1.33429046057,0.0714801885061
0.906924338339,0.217494822355,1.00215863429,0.403612014786
1.04524784333,0.0791713173673,0.863835129303,0.541935519773
0.394910007789,0.729509152904,1.51417296484,0.108402315764
0.265733687481,0.858685473212,1.64334928515,0.237578636072
0.208522210842,0.915896949852,1.70056076179,0.294790112711
0.202290220931,0.922128939762,1.7067927517,0.301022102621
1.62155028261,0.497131121917,0.287532690019,1.11823795906
0.264549522907,0.859869637786,1.64453344972,0.238762800646
0.0650520295435,1.18947119024,1.97413500217,0.568364353096
0.545339381676,0.579079779017,1.36374359095,0.0420270581231
0.321070410805,1.4454895715,2.23015338343,0.824382734358
1.06093108606,0.0634880746327,0.848151886568,0.557618762507
1.14458967947,0.0201705187796,0.764493293156,0.64127735592
0.425451691337,0.698967469356,1.48363128129,0.0778606322162
0.94196491897,0.182454241723,0.967118053659,0.438652595417
0.238554487624,0.885864673069,1.670528485,0.264757835929
0.775535493741,0.348883666953,1.13354747889,0.272223170188
0.297334959102,1.4217541198,2.20641793173,0.800647282655
0.309089006918,1.43350816761,2.21817197955,0.812401330471
0.532479952179,0.591939208514,1.37660302045,0.0291676286263
0.11834315429,1.0060760064,1.79073981834,0.384969169263
1.91722647672,0.792807316028,0.00814350409227,1.41391415317
0.924365572149,0.200053588545,0.98471740048,0.421053248596
1.57683959814,0.452420437444,0.332243374492,1.07352727458
0.977132846319,0.147286314374,0.93195012631,0.473820522766
0.13245553888,0.991963621813,1.77662743375,0.370856784673
0.407797754525,0.716621406168,1.5012852181,0.0955145690281
1.01734477636,0.107074384329,0.891738196265,0.514032452811
0.69962683192,0.424792328773,1.20945614071,0.196314508367
1.37387191532,0.249452754623,0.535211057312,0.870559591764
1.81316497076,0.688745810063,0.0959180018723,1.3098526472
0.596445122432,0.527974038261,1.3126378502,0.0931327988793
0.431023405764,0.693395754929,1.47805956686,0.0722889177888
1.19654259053,0.0721234298401,0.712540382096,0.69323026698
0.757911673127,0.366507487566,1.1511712995,0.254599349574
0.25058335537,0.873835805323,1.65849961726,0.252728968183
0.946372329896,0.178046830797,0.962710642732,0.443060006343
1.27526626578,0.150847105087,0.633816706849,0.771953942227
0.797711996218,0.326707164475,1.11137097641,0.294399672665
0.694993722977,0.429425437716,1.21408924965,0.191681399424
2.30239465007,1.17797548937,0.393311677439,1.79908232651
0.801358722924,0.323060437769,1.10772424971,0.298046399371
0.0150518014267,1.13947096212,1.92413477406,0.51836412498
0.109810825726,1.01460833497,1.7992721469,0.393501497827
0.700379686252,0.424039474441,1.20870328638,0.197067362699
0.0660827997998,1.05833636089,1.84300017283,0.437229523753
0.972070376943,0.15234878375,0.937012595686,0.46875805339
0.699954018416,0.424465142277,1.20912895421,0.196641694863
0.1895979432,0.934821217493,1.71948502943,0.313714380352
0.564660191695,0.559758968998,1.34442278093,0.0613478681423
1.14083926861,0.0164201079175,0.768243704018,0.637526945058
0.242725380046,0.881693780648,1.66635759258,0.260586943507
1.66569537111,0.541276210419,0.243387601517,1.16238304756
0.0276223359045,1.1520414966,1.93670530853,0.530934659457
1.15525422233,0.0308350616401,0.753828750296,0.65194189878
1.65234036976,0.527921209069,0.256742602866,1.14902804621
1.15245037479,0.0280312140988,0.756632597837,0.649138051239
0.864503442977,0.259915717716,1.04457952965,0.361191119424
0.140342245956,0.984076914737,1.76874072667,0.362970077597
0.575849189013,0.54856997168,1.33323378362,0.0725368654599
1.8750496151,0.750630454408,0.0340333575276,1.37173729155
0.0572765387435,1.18169569944,1.96635951137,0.560588862296
0.833131750424,0.29128741027,1.07595122221,0.329819426871
1.39702794701,0.272608786316,0.512055025619,0.893715623457
0.158489476797,1.28290863749,2.06757244943,0.66180180035
0.63817196252,0.486247198173,1.27091101011,0.134859638967
1.02911880802,0.0953003526763,0.879964164612,0.525806484464
2.31220648009,1.18778731939,0.403123507459,1.80889415653
0.356681070517,0.767738090176,1.55240190211,0.146631253036
1.45453392213,0.330114761437,0.454549050499,0.951221598577
0.110688636134,1.23510779683,2.01977160876,0.614000959687
0.514566404847,0.609852755846,1.39451656778,0.0112540812941
0.294689871508,0.829729289185,1.61439310112,0.208622452045
1.10821720006,0.016201960632,0.800865772568,0.604904876508
1.97435943414,0.849940273444,0.0652764615081,1.47104711058
0.327757855396,0.796661305297,1.58132511723,0.175554468157
0.250654896641,0.873764264052,1.65842807599,0.252657426912
0.0977755381077,1.02664362259,1.81130743452,0.405536785445
1.77066788245,0.64624872176,0.138415090175,1.2673555589
0.977132846319,0.147286314374,0.93195012631,0.473820522766
0.410734843993,0.7136843167,1.49834812864,0.0925774795596
0.549646650538,0.574772510155,1.35943632209,0.0463343269848
0.352588830033,0.77183033066,1.5564941426,0.15072349352
1.32144044285,0.197021282157,0.587642529779,0.818128119297
0.372804220563,0.75161494013,1.53627875207,0.13050810299
0.071327243486,1.19574640418,1.98041021611,0.574639567039
0.894442173647,0.229976987046,1.01464079898,0.391129850094
2.59106203694,1.46664287625,0.681979064312,2.08774971339
1.2489501956,0.124531034909,0.660132777027,0.745637872049
0.553811524986,0.570607635707,1.35527144764,0.0504992014331
0.949119118501,0.175300042192,0.959963854128,0.445806794948
0.98992265627,0.134496504423,0.919160316358,0.486610332717
1.62270299543,0.498283834738,0.286379977198,1.11939067188
0.305445798571,0.818973362122,1.60363717406,0.197866524982
0.260898282427,0.863520878266,1.6481846902,0.242414041126
1.22391978751,0.0995006268133,0.685163185122,0.720607463953
0.421420360085,1.54583952078,2.33050333271,0.924732683638
1.38861832344,0.264199162748,0.520464649188,0.885305999888
1.43848243612,0.314063275424,0.470600536511,0.935170112565
1.3701923576,0.245773196905,0.53889061503,0.866880034046
0.526457790842,0.597961369851,1.38262518179,0.0231454672889
0.473161835924,0.651257324769,1.43592113671,0.0301504876292
1.36429453123,0.239875370536,0.5447884414,0.860982207676
1.49845249445,0.374033333759,0.410630478177,0.995140170899
1.61084716738,0.486428006692,0.298235805244,1.10753484383
0.173877220793,0.9505419399,1.73520575184,0.32943510276
1.70165502686,0.577235866165,0.20742794577,1.19834270331
0.413052538498,0.711366622195,1.49603043413,0.0902597850547
0.163719313138,0.960699847555,1.74536365949,0.339593010415
0.069225651909,1.1936448126,1.97830862454,0.572537975462
0.172429745826,0.951989414867,1.7366532268,0.330882577727
0.76104460808,0.363374552613,1.14803836455,0.257732284527
1.09469366978,0.0297254909155,0.814389302851,0.591381346225
0.285843392646,1.41026255334,2.19492636527,0.789155716199
0.920169226058,0.204249934635,0.988913746571,0.416856902505
0.30028539241,0.824133768283,1.60879758022,0.203026931143
0.92230802369,0.202111137003,0.986774948939,0.418995700137
0.250315440854,1.37473460155,2.15939841348,0.753627764407
0.218456595008,0.905962565686,1.69062637762,0.284855728545
0.15506415948,0.969355001213,1.75401881315,0.348248164073
0.312880956095,0.811538204598,1.59620201653,0.190431367458
2.16219579608,1.03777663539,0.253112823452,1.65888347253
2.06636486862,0.941945707932,0.157281895996,1.56305254507
0.10069871018,1.22511787087,2.00978168281,0.604011033733
0.339920217869,0.784498942824,1.56916275476,0.163392105684
1.1822921178,0.057872957108,0.726790854828,0.678979794248
2.36387686678,1.23945770608,0.454793894147,1.86056454322
0.871310759317,0.253108401376,1.03777221331,0.367998435764
0.236227530056,1.36064669075,2.14531050268,0.739539853609
0.0424294638916,1.16684862458,1.95151243652,0.545741787445
1.43932163656,0.314902475863,0.469761336073,0.936009313003
0.768359814027,0.356059346666,1.1407231586,0.265047490474
0.656498878075,0.467920282618,1.25258409455,0.153186554522
2.70745402106,1.58303486036,0.798371048427,2.2041416975
1.67791464987,0.553495489175,0.231168322761,1.17460232631
0.0979850957381,1.02643406496,1.81109787689,0.405327227815
0.409716447653,0.71470271304,1.49936652498,0.0935958759003
1.12259784933,0.00182131136813,0.786485123304,0.619285525772
0.0219321078331,1.10248705286,1.8871508648,0.48138021572
1.53152266281,0.407103502117,0.377560309819,1.02821033926
0.069190997293,1.0552281634,1.83989197534,0.43412132626
0.953146250203,0.17127291049,0.955936722426,0.44983392665
0.438197307325,0.686221853368,1.4708856653,0.0651150162278
1.06945561583,0.0549635448605,0.839627356796,0.56614329228
1.95370906977,0.829289909074,0.0446260971381,1.45039674621
0.376848585349,0.747570575344,1.53223438728,0.126463738204
0.449316722698,1.57373588339,2.35839969533,0.952629046251
0.558862364737,0.565556795956,1.35022060789,0.0555500411841
1.60431095029,0.479891789593,0.304772022343,1.10099862673
0.485818959364,0.638600201329,1.42326401326,0.0174933641885
0.234735004443,0.88968415625,1.67434796819,0.26857731911
1.32063530401,0.196216143318,0.588447668618,0.817322980458
0.927068875724,0.197350284969,0.982014096904,0.423756552171
0.330770349041,1.45518950973,2.23985332167,0.834082672594
1.60431095029,0.479891789593,0.304772022343,1.10099862673
1.49908443188,0.374665271189,0.409998540747,0.995772108329
0.759257772434,0.365161388259,1.14982520019,0.255945448881
0.24604984127,0.878369319423,1.66303313136,0.257262482283
1.26780142471,0.143382264019,0.641281547917,0.764489101159
1.39896868568,0.274549524989,0.510114286946,0.89565636213
1.25622162938,0.131802468686,0.65286134325,0.752909305826
2.50571702482,1.38129786413,0.596634052191,2.00240470127
1.27045808352,0.146038922826,0.63862488911,0.767145759966
1.31605738118,0.191638220482,0.593025591454,0.812745057622
1.7100269279,0.585607767204,0.199056044732,1.20671460434
1.63213003546,0.507710874771,0.276952937165,1.12881771191
0.246831851815,0.877587308878,1.66225112081,0.256480471738
1.6014526718,0.477033511108,0.307630300828,1.09814034825
0.117858656641,1.00656050405,1.79122431599,0.385453666911
0.468760452916,0.655658707777,1.44032251971,0.0345518706372
0.00185938532936,1.12255977536,1.9072235873,0.501452938224
0.555620247135,0.568798913558,1.35346272549,0.052307923582
0.47630627949,0.648112881203,1.43277669314,0.0270060440627
1.69597920682,0.571560046128,0.213103765808,1.19266688327
0.255468680607,0.868950480086,1.65361429202,0.247843642946
0.515178522824,0.60924063787,1.39390444981,0.0118661992707
0.464749793626,1.58916895432,2.37383276625,0.968062117179
1.94063843453,0.81621927384,0.031555461904,1.43732611098
0.431615294379,0.692803866314,1.47746767825,0.0716970291742
0.00969149974782,1.11472766095,1.89939147288,0.493620823805
0.485940420818,0.638478739875,1.42314255181,0.0173719027351
0.426815307285,0.697603853408,1.48226766534,0.0764970162677
0.423213449712,0.701205710981,1.48586952292,0.0800988738412
1.16877665992,0.0443574992292,0.740306312706,0.665464336369
1.49111539381,0.366696233112,0.417967578823,0.987803070253
0.253068897956,0.871350262737,1.65601407467,0.250243425597
1.9509852378,0.826566077107,0.0419022651713,1.44767291425
1.39702794701,0.272608786316,0.512055025619,0.893715623457
2.15824307916,1.03382391847,0.249160106529,1.65493075561
0.820244965425,0.304174195268,1.0888380072,0.316932641872
1.99058832795,0.866169167258,0.0815053553223,1.4872760044
0.351015101041,0.773404059652,1.55806787159,0.152297222512
1.25550678205,0.131087621355,0.653576190581,0.752194458495
0.174563609986,0.949855550707,1.73451936264,0.328748713567
1.73236358127,0.607944420581,0.176719391354,1.22905125772
0.459622024347,0.664797136346,1.44946094828,0.0436902992057
0.886707855114,0.237711305579,1.02237511751,0.383395531561
0.296120517962,0.828298642731,1.61296245467,0.207191805591
0.990731881414,0.133687279279,0.918351091215,0.487419557861
0.411685767229,0.712733393464,1.4973972054,0.0916265563236
0.695644026889,0.428775133805,1.21343894574,0.192331703336
0.973096835743,0.15132232495,0.935986136886,0.46978451219
0.061591606402,1.1860107671,1.97067457903,0.564903929955
1.01803239915,0.106386761542,0.891050573478,0.514720075598
1.80514804612,0.680728885424,0.103934926511,1.30183572256
0.109810825726,1.01460833497,1.7992721469,0.393501497827
0.552618886107,0.571800274587,1.35646408652,0.0493065625537
1.91584754941,0.791428388718,0.00676457678232,1.41253522586
0.645458707658,0.478960453035,1.26362426497,0.142146384105
2.21216361071,1.08774445002,0.30308063808,1.70885128716
0.840458575135,0.283960585559,1.06862439749,0.337146251582
0.927447637794,0.196971522899,0.981635334835,0.424135314241
0.353541137715,0.770878022978,1.55554183491,0.149771185838
0.967601437015,0.156817723678,0.941481535614,0.464289113462
0.302770934997,0.821648225696,1.60631203763,0.200541388556
0.720221795408,0.404197365285,1.18886117722,0.216909471855
1.47817171067,0.353752549973,0.430911261963,0.974859387113
0.0804912009386,1.04392795975,1.82859177169,0.422821122614
2.01798801607,0.893568855379,0.108905043443,1.51467569252
0.471732141262,0.652687019431,1.43735083137,0.0315801822909
2.29754979811,1.17313063741,0.388466825479,1.79423747455
0.439565715843,0.68485344485,1.46951725679,0.0637466077095
0.367402864195,0.757016296498,1.54168010843,0.135909459358
1.2505884879,0.126169327211,0.658494484724,0.747276164352
1.11867780689,0.00574135380034,0.790405165736,0.61536548334
1.07605665991,0.0483625007864,0.833026312722,0.572744336354
0.0805667572216,1.20498591791,1.98964972985,0.583879080775
2.16302486416,1.03860570346,0.253941891528,1.6597125406
1.37355826203,0.249139101336,0.5355247106,0.870245938476
0.582395783999,0.542023376694,1.32668718863,0.0790834604463
1.63545900745,0.511039846759,0.273623965176,1.1321466839
0.264507127905,0.859912032789,1.64457584472,0.238805195648
0.140209559443,0.98420960125,1.76887341319,0.36310276411
0.322471195212,0.801947965482,1.58661177742,0.180841128341
2.03401405836,0.90959489767,0.124931085734,1.53070173481
1.69341789576,0.568998735067,0.215665076868,1.19010557221
2.13528128379,1.0108621231,0.226198311162,1.63196896024
0.901228695263,0.22319046543,1.00785427737,0.39791637171
1.04082020571,0.0835989549875,0.868262766923,0.537507882153
0.888121673052,0.236297487641,1.02096129958,0.384809349499
0.245657950559,0.878761210134,1.66342502207,0.257654372994
0.111677735354,1.23609689605,2.02076070798,0.614990058907
0.501763598965,0.622655561728,1.40731937366,0.00154872458791
1.54173663866,0.417317477971,0.367346333965,1.03842431511
1.24275077003,0.118331609338,0.666332202598,0.739438446478
1.83570558825,0.711286427555,0.0733773843808,1.33239326469
0.272686128178,0.851733032515,1.63639684445,0.230626195375
0.51649467492,0.607924485773,1.39258829771,0.0131823513674
0.140254290683,0.98416487001,1.76882868195,0.36305803287
0.914741545961,0.209677614732,0.994341426668,0.411429222408
1.43848243612,0.314063275424,0.470600536511,0.935170112565
1.28319358704,0.158774426343,0.625889385592,0.779881263483
0.106081480532,1.01833768016,1.8030014921,0.39723084302
1.4693732108,0.344954050109,0.439709761827,0.966060887249
0.543784807491,0.580634353202,1.36529816514,0.0404724839382
0.240655582193,1.36507474289,2.14973855482,0.743967905746
0.175269153983,0.94915000671,1.73381381865,0.32804316957
0.944314781437,0.180104379256,0.964768191192,0.441002457884
2.15824307916,1.03382391847,0.249160106529,1.65493075561
0.989528299283,0.13489086141,0.919554673346,0.48621597573
0.454789134035,1.57920829473,2.36387210666,0.958101457588
1.66503331481,0.540614154117,0.244049657818,1.16172099126
2.13534995154,1.01093079085,0.226266978913,1.63203762799
1.41526910263,0.290849941936,0.49381387,0.911956779076
0.572768216062,0.551650944631,1.33631475657,0.0694558925094
0.307137071274,1.43155623197,2.2162200439,0.810449394827
1.80182674021,0.677407579522,0.107256232414,1.29851441666
0.11834315429,1.0060760064,1.79073981834,0.384969169263
0.9224502772,0.201968883493,0.986632695429,0.419137953647
1.30649557211,0.182076411422,0.602587400514,0.803183248562
1.60002653611,0.475607375418,0.309056436518,1.09671421256
0.665515016162,0.458904144531,1.24356795647,0.162202692609
1.4966890399,0.372269879208,0.412393932727,0.993376716348
1.60337096036,0.478951799666,0.30571201227,1.10005863681
0.26144255901,0.862976601683,1.64764041362,0.241869764543
2.00273414372,0.878314983022,0.0936511710867,1.49942182016
0.0971154035325,1.02730375716,1.8119675691,0.40619692002
1.2171938838,0.0927747231068,0.691889088829,0.713881560247
0.0145688027957,1.13898796349,1.92365177542,0.517881126349
1.24858225402,0.124163093327,0.660500718608,0.745269930468
0.793551770427,0.330867390266,1.1155312022,0.290239446874
0.524144599824,0.600274560869,1.38493837281,0.0208322762707
0.734610092617,0.389809068076,1.17447288001,0.231297769064
1.44052315606,0.316103995368,0.468559816567,0.937210832508
1.13511721013,0.0106980494353,0.7739657625,0.631804886575
1.703141356,0.578722195302,0.205941616633,1.19982903244
0.501491946974,0.62292721372,1.40759102566,0.00182037657939
0.786361728476,0.338057432217,1.12272124415,0.283049404923
0.515304635944,0.609114524749,1.39377833668,0.0119923123911
2.02544343104,0.901024270351,0.116360458415,1.52213110749
1.11690261082,0.00751654987494,0.792180361811,0.613590287265
0.117271570545,1.00714759015,1.79181140208,0.386040753008
0.205808774905,0.918610385788,1.70327419772,0.297503548648
0.0775053397222,1.20192450042,1.98658831235,0.580817663275
0.163071959289,1.28749111998,2.07215493192,0.666384282842
0.372804220563,0.75161494013,1.53627875207,0.13050810299
0.942895482803,0.18152367789,0.966187489825,0.439583159251
0.0714467456129,1.05297241508,1.83763622702,0.43186557794
0.497484373731,0.626934786963,1.4115985989,0.00582794982237
1.39274980361,0.268330642914,0.516333169021,0.889437480054
0.0538370645997,1.07058209609,1.85524590803,0.449475258953
0.879763210542,0.244655950151,1.02931976209,0.376450886989
1.56799661984,0.443577459145,0.341086352791,1.06468429628
1.77671316122,0.652294000531,0.132369811405,1.27340083767
1.15062088048,0.0262017197848,0.758462092151,0.647308556925
0.317233503419,0.807185657274,1.59184946921,0.186078820134
1.57630379586,0.451884635165,0.33277917677,1.07299147231
0.224816072536,0.899603088157,1.68426690009,0.278496251017
0.849278839652,0.275140321041,1.05980413298,0.345966516099
2.34115267265,1.21673351196,0.432069700025,1.8378403491
0.388874579577,0.735544581116,1.52020839305,0.114437743976
0.432931439198,0.691487721496,1.47615153343,0.0703808843554
0.643757631948,0.480661528745,1.26532534068,0.140445308395
0.665928387054,0.458490773639,1.24315458557,0.162616063501
0.480390309336,0.644028851357,1.42869266329,0.0229220142172
0.54606571773,0.578353442963,1.3630172549,0.0427533941772
0.536922637495,0.587496523198,1.37216033513,0.0336103139417
0.209401884559,0.915017276134,1.69968108807,0.293910438994
0.301124298429,0.823294862264,1.6079586742,0.202188025124
0.516246688501,0.608172472192,1.39283628413,0.0129343649478
0.401113680458,0.723305480235,1.50796929217,0.102198643095
0.239679156825,0.884740003869,1.6694038158,0.263633166728
0.158986921909,0.965432238784,1.75009605072,0.344325401644
0.00969149974782,1.11472766095,1.89939147288,0.493620823805
0.276223836955,0.848195323738,1.63285913567,0.227088486598
1.42959406921,0.305174908516,0.47948890342,0.926281745656
1.14458967947,0.0201705187796,0.764493293156,0.64127735592
0.831887947817,0.292531212876,1.07719502481,0.328575624264
0.241055909604,0.883363251089,1.66802706302,0.262256413949
0.769816733233,0.35460242746,1.1392662394,0.26650440968
0.538171365379,0.586247795314,1.37091160725,0.0348590418263
0.0870157784635,1.03740338223,1.82206719417,0.416296545089
1.50717453771,0.382755377017,0.401908434918,1.00386221416
0.507068453971,0.617350706722,1.40201451866,0.00375613041778
1.66324922992,0.538830069227,0.245833742709,1.15993690637
0.185423632705,0.938995527988,1.72365933992,0.317888690848
1.67080189355,0.546382732858,0.238281079077,1.16748957
0.419690233213,0.70472892748,1.48939273942,0.0836220903396
0.111171294546,1.01324786615,1.79791167808,0.392141029007
0.306404254267,0.818014906427,1.60267871836,0.196908069286
1.49983388804,0.375414727343,0.409249084592,0.996521564483
1.07843961404,0.0459795466511,0.830643358587,0.575127290489
0.472527692293,0.6518914684,1.43655528034,0.0307846312595
1.55917376628,0.434754605588,0.349909206348,1.05586144273
0.305803909486,0.818615251207,1.60327906314,0.197508414067
0.0864162894522,1.21083545015,1.99549926208,0.589728613005
2.41071322291,1.28629406221,0.501630250278,1.90740089935
1.55516059225,0.430741431554,0.353922380382,1.05184826869
2.30239465007,1.17797548937,0.393311677439,1.79908232651
0.872925243394,0.251493917299,1.03615772923,0.369612919841
1.58576819546,0.461349034771,0.323314777164,1.08245587191
1.21320010743,0.0887809467391,0.695882865197,0.709887783879
2.70531536433,1.58089620364,0.796232391701,2.20200304078
1.34390939898,0.219490238286,0.565173573649,0.840597075426
0.787369437037,0.337049723656,1.12171353559,0.284057113484
1.18239100638,0.0579718456846,0.726691966251,0.679078682825
1.93058833327,0.806169172576,0.0215053606406,1.42727600972
1.92412434557,0.799705184873,0.0150413729372,1.42081202201
0.927199781415,0.197219379279,0.981883191214,0.423887457862
1.21736839995,0.0929492392571,0.691714572679,0.714056076397
0.73846657184,0.385952588853,1.17061640079,0.235154248287
0.188200943833,0.93621821686,1.7208820288,0.31511137972
0.348574016082,0.775845144611,1.56050895655,0.154738307471
0.203797201227,0.920621959466,1.7052857714,0.299515122326
0.795416579829,0.329002580864,1.1136663928,0.292104256276
0.403005026279,0.721414134414,1.50607794635,0.100307297274
0.701819279936,1.82623844063,2.61090225256,1.20513160349
2.01738985576,0.89297069507,0.108306883134,1.51407753221
1.31409801503,0.189678854334,0.594984957602,0.810785691474
0.587223249357,0.537195911336,1.32185972327,0.0839109258044
0.680276331079,0.444142829614,1.22880664155,0.176964007526
0.905875316607,0.218543844086,1.00320765602,0.402562993054
1.22391978751,0.0995006268133,0.685163185122,0.720607463953
0.449316722698,1.57373588339,2.35839969533,0.952629046251
1.36569783038,0.241278669683,0.543385142253,0.862385506823
0.230847037531,1.35526619822,2.13993001016,0.734159361084
0.443057874297,0.681361286396,1.46602509833,0.0602544492558
0.421697437029,0.702721723664,1.4873855356,0.081614886524
1.03201019631,0.0924089643788,0.877072776314,0.528697872761
0.138411639641,0.986007521052,1.77067133299,0.364900683912
0.273220149635,0.851199011058,1.63586282299,0.230092173918
0.0576724881015,1.06674667259,1.85141048453,0.445639835452
1.4635659188,0.339146758105,0.445517053831,0.960253595245
0.507835143209,0.616584017484,1.40124782942,0.00452281965581
0.449488752192,0.674930408501,1.45959422044,0.053823571361
1.04015897843,0.0842601822588,0.868923994194,0.536846654881
0.0219026978994,1.10251646279,1.88718027473,0.481409625654
0.444697804766,0.679721355927,1.46438516786,0.0586145187867
1.00071414128,0.123705019413,0.908368831349,0.497401817727
0.666824201162,0.457594959531,1.24225877147,0.163511877609
0.141524488805,0.982894671888,1.76755848382,0.361787834748
1.47730243297,0.35288327228,0.431780539656,0.97399010942
0.0276223359045,1.1520414966,1.93670530853,0.530934659457
1.56664052907,0.442221368378,0.342442443558,1.06332820552
0.379602371803,0.74481678889,1.52948060083,0.12370995175
1.50393939806,0.379520237371,0.405143574564,1.00062707451
0.458078393414,0.666340767279,1.45100457922,0.0452339301392
1.99053935956,0.866120198866,0.0814563869304,1.48722703601
1.01414493192,0.110274228776,0.894938040711,0.510832608364
1.81516835193,0.690749191239,0.0939146206967,1.31185602838
0.423566209973,0.70085295072,1.48551676266,0.0797461135802
0.203797201227,0.920621959466,1.7052857714,0.299515122326
0.0849077643506,1.03951139634,1.82417520828,0.418404559202
0.248357610001,1.37277677069,2.15744058263,0.751669933554
0.313387612106,0.811031548588,1.59569536052,0.189924711447
1.71445193753,0.590032776834,0.194631035102,1.21113961397
0.252448164772,0.871970995922,1.65663480786,0.250864158781
0.486722298653,0.63769686204,1.42236067398,0.0165900248995
1.14358866706,0.0191695063711,0.765494305564,0.640276343511
0.85396992857,0.270449232124,1.05511304406,0.350657605017
0.368728949496,0.755690211197,1.54035402313,0.134583374057
0.243161597426,0.881257563267,1.6659213752,0.260150726127
1.16645634829,0.0420371875978,0.742626624338,0.663144024738
1.2505884879,0.126169327211,0.658494484724,0.747276164352
0.307205834133,0.81721332656,1.6018771385,0.19610648942
0.842830040547,0.281589120146,1.06625293208,0.339517716994
1.46006898592,0.335649825223,0.449013986713,0.956756662363
0.394824782462,0.729594378231,1.51425819017,0.108487541091
0.000228392142909,1.12464755284,1.90931136477,0.503540715696
0.0319569620152,1.15637612271,1.94103993464,0.535269285568
0.892080134332,0.232339026361,1.0170028383,0.388767810779
0.186520436783,1.31093959748,2.09560340941,0.689832760336
2.22585785264,1.10143869195,0.316774880016,1.72254552909
0.329382512107,1.4538016728,2.23846548474,0.83269483566
0.331428702797,1.45584786349,2.24051167543,0.83474102635
1.06689812741,0.0575210332856,0.842184845221,0.563585803855
1.63340202435,0.50898286366,0.275680948276,1.1300897008
1.88308075841,0.758661597716,0.0260022142193,1.37976843486
1.57564641203,0.451227251342,0.333436560594,1.07233408848
0.178884764726,0.945534395968,1.7301982079,0.324427558827
1.68245418194,0.558035021251,0.226628790685,1.17914185839
0.957394428256,0.167024732438,0.951688544373,0.454082104703
2.34206052271,1.21764136202,0.43297755008,1.83874819916
0.347367278631,0.777051882062,1.561715694,0.155945044922
1.57564641203,0.451227251342,0.333436560594,1.07233408848
0.381143546405,0.743275614288,1.52793942622,0.122168777148
1.86170294715,0.737283786455,0.0473800254802,1.3583906236
0.605400803403,0.51901835729,1.30368216923,0.10208847985
0.242854922101,0.881564238592,1.66622805053,0.260457401452
1.06991878415,0.0545003765473,0.839164188483,0.566606460593
0.813764431013,0.310654729681,1.09531854162,0.31045210746
1.66324922992,0.538830069227,0.245833742709,1.15993690637
2.02621412185,0.901794961158,0.117131149222,1.5229017983
0.99597408397,0.128445076724,0.913108888659,0.492661760417
1.17948430672,0.0550651460257,0.72959866591,0.676171983166
1.89232930061,0.767910139919,0.0167536720171,1.38901697706
0.582627640892,0.541791519801,1.32645533174,0.0793153173391
0.560241169283,0.56417799141,1.34884180335,0.0569288457301
0.0355621901132,1.08885697058,1.87352078252,0.46775013344
0.307205834133,0.81721332656,1.6018771385,0.19610648942
0.26024813931,0.864171021383,1.64883483332,0.243064184243
1.48920915114,0.364789990444,0.419873821492,0.985896827584
1.99611586656,0.871696705866,0.0870328939299,1.49280354301
0.00283895516057,1.12725811585,1.91192192779,0.506151278714
0.0383759366765,1.16279509737,1.94745890931,0.54168826023
0.0292109716877,1.15363013238,1.93829394432,0.532523295241
0.208869925726,0.915549234967,1.7002130469,0.294442397827
0.388224981931,0.736194178762,1.5208579907,0.115087341622
0.166359070883,1.29077823158,2.07544204351,0.669671394436
2.50571702482,1.38129786413,0.596634052191,2.00240470127
0.0322953251076,1.09212383559,1.87678764752,0.471016998445
0.340327156275,0.784092004419,1.56875581635,0.162985167278
1.23989056982,0.115471409125,0.66919240281,0.736578246266
0.525506716757,0.598912443936,1.38357625587,0.022194393204
1.12880944088,0.00439028018936,0.780273531746,0.62549711733
0.289249740951,0.835169419742,1.61983323168,0.214062582602
0.983020964786,0.141398195907,0.926062007843,0.479708641233
1.01343516071,0.11098399998,0.895647811915,0.51012283716
0.869071292289,0.255347868404,1.04001168034,0.365758968736
0.696927617317,0.427491543377,1.21215535531,0.193615293764
1.22868009232,0.104260931625,0.68040288031,0.725367768766
0.134615131235,0.989804029458,1.77446784139,0.368697192318
0.857467831385,0.266951329308,1.05161514124,0.354155507832
1.27045808352,0.146038922826,0.63862488911,0.767145759966
0.576543244287,0.547875916406,1.33253972834,0.0732309207342
1.81789477294,0.693475612243,0.0911881996925,1.31458244938
1.67108571244,0.546666551751,0.237997260185,1.16777338889
1.58303410837,0.458614947681,0.326048864254,1.07972178482
1.11250151956,0.0119176411313,0.796581453067,0.609189196009
0.351015101041,0.773404059652,1.55806787159,0.152297222512
1.13361255521,0.00919339451827,0.775470417417,0.630300231658
0.269055134284,0.855364026409,1.64002783834,0.234257189269
1.59300665039,0.468587489697,0.316076322239,1.08969432684
0.0600988071714,1.06432035352,1.84898416546,0.443213516382
0.182782011651,0.941637149042,1.72630096098,0.320530311902
1.70287802746,0.578458866766,0.206204945169,1.19956570391
0.415883469681,0.708535691013,1.49319950295,0.0874288538724
2.32181121148,1.19739205079,0.412728238855,1.81849888793
1.57564641203,0.451227251342,0.333436560594,1.07233408848
1.30649557211,0.182076411422,0.602587400514,0.803183248562
1.65686198062,0.532442819931,0.252220992005,1.15354965707
0.347367278631,0.777051882062,1.561715694,0.155945044922
0.478681434832,0.645737725861,1.4304015378,0.0246308887206
0.174241387283,1.29866054798,2.08332435991,0.677553710836
1.48407979216,0.359660631468,0.425003180468,0.980767468608
0.887280448935,0.237138711758,1.02180252369,0.383968125382
0.407797754525,0.716621406168,1.5012852181,0.0955145690281
0.351743217915,0.772675942779,1.55733975471,0.151569105638
1.27269441603,0.148275255341,0.636388556594,0.769382092482
0.545506805299,0.578912355394,1.36357616733,0.0421944817457
0.953098374506,0.171320786188,0.955984598123,0.449786050953
0.568543148164,0.555876012529,1.34053982446,0.0652308246115
1.03594786554,0.0884712951558,0.873135107091,0.532635541984
2.02621412185,0.901794961158,0.117131149222,1.5229017983
2.12479687868,1.00037771798,0.215713906048,1.62148455512
1.87134900166,0.746929840966,0.0377339709701,1.36803667811
0.484521263087,0.639897897606,1.42456170954,0.0187910604662
1.27402726661,0.149608105912,0.635055706023,0.770714943053
1.48870344692,0.364284286229,0.420379525706,0.985391123369
0.328846267658,0.795572893036,1.58023670497,0.174466055895
0.780883158263,0.34353600243,1.12819981437,0.27757083471
0.0143738783473,1.13879303904,1.92345685098,0.5176862019
1.02639893959,0.0980202211021,0.882684033038,0.523086616038
0.85764175928,0.266777401413,1.05144121335,0.354329435727
0.730994550987,0.393424609706,1.17808842164,0.227682227434
1.87888291506,0.754463754363,0.0302000575727,1.3755705915
0.456912431855,0.667506728838,1.45217054077,0.0463998916979
1.61023805296,0.485818892271,0.298844919665,1.10692572941
0.0492774977153,1.07514166298,1.85980547491,0.454034825838
0.213921026477,0.910498134216,1.69516194615,0.289391297076
0.358930386351,0.765488774343,1.55015258628,0.144381937202
1.31546834527,0.191049184574,0.593614627361,0.812156021715
1.65532765302,0.530908492329,0.253755319607,1.15201532947
1.02626791114,0.098151249555,0.882815061491,0.522955587585
2.14536984284,1.02095068215,0.236286870215,1.64205751929
0.0615128135577,1.18593197425,1.97059578619,0.564825137111
0.610322797422,0.514096363271,1.29876017521,0.107010473869
2.08834713177,0.963927971078,0.179264159143,1.58503480822
1.25716928539,0.132750124701,0.651913687235,0.753856961841
0.610559975968,0.513859184725,1.29852299666,0.107247652415
0.947911572829,0.176507587864,0.9611713998,0.444599249276
1.82864390098,0.704224740285,0.0804390716501,1.32533157743
1.03883448207,0.0855846786206,0.870248490556,0.53552215852
0.0705491506811,1.05387001001,1.83853382195,0.432763172872
1.01138485296,0.113034307731,0.897698119667,0.508072529409
0.489808065926,0.634611094767,1.4192749067,0.0135042576273
1.91306997463,0.788650813932,0.00398700199634,1.40975765107
0.203797201227,0.920621959466,1.7052857714,0.299515122326
1.14034848932,0.0159293286317,0.768734483304,0.637036165772
0.385968877509,1.5103880382,2.29505185014,0.889281201062
1.87134900166,0.746929840966,0.0377339709701,1.36803667811
2.32035702222,1.19593786153,0.411274049591,1.81704469867
0.927859227866,0.196559932827,0.981223744763,0.424546904313
0.498105106915,0.626314053778,1.41097786571,0.00520721663782
1.4560972551,0.331678094402,0.452985717534,0.952784931542
0.00471356756974,1.11970559312,1.90436940506,0.498598755983
1.41875578039,0.294336619694,0.490327192241,0.915443456835
0.0979850957381,1.02643406496,1.81109787689,0.405327227815
0.485940420818,0.638478739875,1.42314255181,0.0173719027351
0.670344535951,0.454074624742,1.23873843668,0.167032212398
0.394542731775,0.729876428919,1.51454024085,0.108769591778
0.084597660086,1.03982150061,1.82448531254,0.418714663467
0.413052538498,0.711366622195,1.49603043413,0.0902597850547
1.11976293379,0.00465622689898,0.789320038835,0.616450610241
0.534793557711,0.589625602982,1.37428941492,0.0314812341582
0.0213119676687,1.14573112836,1.9303949403,0.524624291222
0.327757855396,0.796661305297,1.58132511723,0.175554468157
0.589235792965,0.535183367728,1.31984717966,0.0859234694123
0.346246867395,0.778172293298,1.56283610523,0.157065456158
0.480390309336,0.644028851357,1.42869266329,0.0229220142172
0.501491946974,0.62292721372,1.40759102566,0.00182037657939
0.913975544849,0.210443615844,0.99510742778,0.410663221296
0.878171289397,0.246247871297,1.03091168323,0.374858965844
0.409940696873,1.53435985757,2.3190236695,0.913253020426
1.40889868185,0.284479521157,0.500184290779,0.905586358297
0.392443194633,0.73197596606,1.516639778,0.11086912892
0.163229948619,1.28764910931,2.07231292125,0.666542272172
0.439565715843,0.68485344485,1.46951725679,0.0637466077095
0.528036849681,0.596382311012,1.38104612295,0.0247245261278
0.327855246709,0.796563913984,1.58122772592,0.175457076844
1.59738274053,0.472963579833,0.311700232102,1.09407041697
0.708043151642,0.416376009052,1.20103982099,0.204730828089
0.326265781896,0.798153378797,1.58281719073,0.177046541657
0.0350954727729,1.08932368792,1.87398749986,0.46821685078
0.0580031484127,1.18242230911,1.96708612104,0.561315471966
0.390194160606,0.734225000088,1.51888881202,0.113118162947
2.03406684939,0.909647688695,0.12498387676,1.53075452584
0.538769169581,1.66318833027,2.44785214221,1.04208149313
