1.95184928985
2.53129173741
-0.840452861876
1.53623847243
0.570391222771
2.34760020542
0.333220546249
-1.679199666
0.110848307591
-1.08501219747
-0.952482541328
-0.131273246032
-1.37790044906
0.82952278539
-0.405385353065
0.420774376699
-0.80399779826
-0.887818249376
0.478073677796
-0.515019254999
1.25364993641
-0.747287508179
-1.04034957969
-0.570628223481
0.414875117677
-0.299366306018
-0.568767738164
-1.01609189746
0.430665335195
-0.20019538042
1.15609720182
1.25115565214
-1.39552106636
0.314066439772
1.45665815352
-1.18725080471
-0.187573401044
-2.2116904014
-0.6628148854
-1.99379301674
-0.95580050678
-2.8588908409
-0.175515609267
-0.477465163493
-1.13765246863
-1.40735977271
0.795323839824
-1.2029257406
0.322454008382
0.74815548113
1.77916165355
-1.28774051832
-0.0130395878833
1.97707047014
-1.18304669484
0.184692388751
1.22563912863
1.59192688063
0.86333893132
0.473500980921
-0.440978163269
-1.61065987486
-0.619708049965
0.5267826251
-0.0244612687593
0.0434316340114
2.37519743371
-0.118803489286
2.45474444095
-0.372158440938
1.252779839
0.175199391628
-1.17921825612
-0.155346755273
0.145068391119
-0.784350431543
0.325926284083
2.03184217531
0.444225138868
-0.467809110163
-0.479134594689
0.0712288928985
-0.488750000383
-0.913888199712
-1.38808556513
1.50606451682
-0.355698822037
2.43019925501
0.0881309911788
-0.15081105257
1.26012627378
-0.913225027792
-0.83505811365
1.44806966904
0.594375189523
1.29550068067
-0.768050879267
0.561173302424
1.57640786503
1.08228137181
0.481114919948
0.767214068895
0.553357988195
0.485055852319
-0.0381172992345
-1.19306233738
-1.12803590773
-1.27540970693
1.62463066977
1.99146174582
0.418179754231
-1.64888267188
1.68660346373
-0.642209291707
1.29153675926
0.175199391628
1.16316161778
0.187410101907
-0.95946267986
1.16421770881
0.23445284414
-0.983606713238
2.07712638495
-0.601064876081
1.47979618086
-0.888683033041
-0.333887883096
0.599232145748
-0.374156939199
0.283198530838
-1.49652286777
-0.493881590751
-0.0790412588634
-1.15842938692
0.755219454461
0.99296028105
1.95734064367
-0.703230425991
-1.14638998455
-0.829934555134
0.246837847427
-0.609390881881
-0.0991947342129
0.193696287115
-0.779810828017
-0.0893184614284
-1.31453817179
-0.656645575175
-0.0986171965404
-1.11122406605
0.311959334923
-1.01915955792
1.43817205668
0.187385974364
-1.70746031944
1.52114539943
-1.18347700052
-0.141594760511
0.219353590364
-0.180267150098
-1.1580975713
-0.602464019531
0.400042452436
-0.974675141398
0.0844740969108
-0.976464673701
-1.01381004027
2.39854853238
-0.354138487211
0.637722463715
-0.394743023218
0.0191199964189
-0.542533834137
1.02292021468
-0.669567691286
0.582040915469
-0.599954829698
-0.329378360623
-0.478976598986
0.921016430879
-0.839398162597
-0.288087680355
1.16200909387
-1.00713370275
2.44367685217
-1.25820654398
-1.71401747157
0.286920652195
0.301174409193
1.30559418333
0.492872352203
-0.892896800105
0.126833260207
-0.789661375422
-0.467138588509
-0.742792453111
-1.29578981906
1.33651282149
-1.49250612951
0.0629405451511
1.31383363622
2.2639425528
2.62126039573
-0.360968675647
-0.699675737689
0.578593493638
0.43978885864
0.317608052415
2.69031067683
0.954722119145
-0.871461515618
-1.2228362607
0.00203165128246
1.95734064367
0.723776099952
0.48050568669
0.218871351557
0.665328450173
-0.202765626584
1.03848333609
1.94162390788
-0.415855898981
0.786857750157
-1.35183990562
0.377779123678
0.388642111134
0.150367620633
-2.1435184694
-0.235592080478
-1.43672013322
1.24255684504
-1.38995132926
0.522611813135
1.13729467094
1.17787533712
-0.379140650392
1.5262726434
-2.59969771547
-0.157779035641
-0.631758693619
-0.396192694289
-1.6011829385
-1.32407963937
2.15866268965
0.983311598629
1.3243051008
-0.307632145234
1.8004736108
-0.653222908436
-1.74050614749
-0.336482505564
1.80981601359
-3.03988146799
-0.35016492236
0.221852900211
0.47743434077
1.32949179878
0.181618990144
-1.13040250168
0.43978885864
-0.790867618154
0.794709361146
-0.642209291707
-1.52571766006
-0.549034041327
1.81520638048
0.432292288856
-0.983688919748
0.61695196274
-1.47990229852
-1.53279676173
-0.758688086024
1.42991239824
0.80422761984
-0.629390962702
2.14310163915
-1.45775608128
0.152557841121
1.53666074626
0.129417084028
-0.776038652124
1.91654276431
-0.192574564744
-0.257268705685
-1.75352895226
1.82385204645
-0.339465888596
-0.943581750894
-0.816366483067
-0.977461036295
1.7341238269
-0.358368078494
-0.951220714949
0.296380136049
-1.1131515946
-0.859219822322
-0.693588397432
2.80028053623
1.39958689918
0.39822446289
-0.873265751868
-0.704910655833
-0.0697886700452
0.378846451503
-1.00910440919
-0.956628328264
0.720815907568
-0.451754820605
-0.0905929208323
0.267356935361
0.0760876835028
-1.28914655665
0.0201999572691
0.669664560427
-0.977824329198
-1.42039876381
-1.679199666
-1.51885371733
2.23053676024
0.0834761060285
-0.581355049069
-1.51766076856
0.99679561311
3.2515006368
0.39822446289
1.83257625017
-1.6731362305
1.5475575047
-0.0811979544389
0.218871351557
0.90042114157
-0.365889012365
-1.12640012701
0.123242717778
0.197418851106
-0.409624145158
1.16421770881
-1.24628150303
-0.47582831315
-0.747012637494
3.09558521198
0.613376342567
-1.20266786309
-0.63456733807
0.553357988195
-0.140951334808
-0.0713111407268
1.29153675926
0.992594952156
2.01011915056
-1.03580056927
3.43599705287
-1.42971082781
1.46804495984
-0.238851945787
-1.31282189843
0.171842835707
-0.730241645057
2.04928460806
1.15822221851
-0.493881590751
-0.5292257105
-0.928953464193
-0.333703234076
1.47487696596
0.414875117677
0.983302634362
0.297781350421
0.0878113659454
-0.155346755273
-2.22149457045
0.57966170673
-0.597606826763
1.08737140036
-0.124893819125
0.249495832153
0.979845754003
1.64970678776
0.620414121911
1.16924732975
0.359569254337
-0.656051758433
-0.632526125731
0.632245951612
0.932873049065
-1.12803590773
-1.11499921035
1.48129749689
-0.557669827307
1.25115565214
0.00545296120703
-0.983606713238
-0.541061886598
-1.24277067179
-1.60556869111
0.0676852093332
2.53129173741
0.234173149494
1.9625055457
2.30413123229
0.484090254433
-1.53279676173
1.9628341352
-1.06864789119
1.80213204174
-0.672098461714
-0.00853947231129
-2.75549236001
-0.8280380096
3.1169561851
-0.483170146748
-1.68240603528
-0.771650828595
0.99547847008
0.568771841632
-0.784350431543
-1.53279676173
-0.431676644666
-1.30535126939
0.202433803034
-1.17790407222
-0.775212883327
-0.299366306018
-1.10035256918
1.85540446688
-1.24462057677
-0.762686216573
-0.896252660154
0.228756129279
0.610887135494
-0.62638805624
2.13254589715
-0.741737753832
-0.451697639123
-1.13630337524
-1.31441876656
-1.41639212832
-1.38801300206
-2.51031418111
-0.0228729055677
-1.32376480317
0.214186617418
-0.900691908788
0.258458846339
-0.407495665804
4.38580607219
-1.39944709317
-1.36259980633
-1.31453817179
0.288540509361
2.66573194268
0.112290169598
-0.982605732773
-0.187573401044
-0.165529354845
0.388642111134
-0.827230407418
-1.1249643435
-0.493125873004
1.79343997624
1.16979248818
0.944636662095
-0.384943935851
1.9628341352
1.39694589387
1.37480724916
2.59527334777
-0.631758693619
0.729438146342
1.61723151692
-0.715455156562
-0.0865846875102
-0.358368078494
1.70711077345
-0.560827503346
0.135461473665
-1.06996988863
0.300135074802
0.260631401064
0.466651725446
-1.37792019528
2.1155126975
-0.196919674195
2.95432768337
-0.451754820605
1.89106939751
0.374255877722
-1.28911463674
-1.76660882965
-1.15512359517
1.19598231684
-0.121157672997
2.60511287668
1.68660346373
-1.47603803613
0.379387228607
0.197418851106
-0.95946267986
-0.953349176068
0.441639953753
1.22363604743
1.03852123069
-0.857897365549
1.63031454999
-0.421529629284
0.228756129279
1.62057354159
-0.604413588007
-0.0823344125426
1.47576108813
0.623022563059
-1.35074318814
0.511273269647
-0.794637041008
-1.47902349008
1.52228393351
-0.00853947231129
-0.520477395935
-0.374623318856
-0.238851945787
0.612880130617
-0.493179828362
0.296380136049
1.6149711887
0.193696287115
-0.518636438527
-0.519888162132
0.228968080339
-0.416936525252
-0.560827503346
-0.19433744373
-1.27048776016
0.912906722535
-1.40459890284
-0.802439958755
-1.01329520392
-0.565944185214
-1.49771625917
-1.76801556385
0.563285922628
-0.456564238791
0.101007640173
0.333220546249
-0.758545012576
-0.975401928815
-1.07144665565
-1.08190871333
1.30069794076
-0.977389864973
-1.53071400427
-0.50600917586
-1.96050915967
0.359549053269
0.499992321362
-0.707272648608
0.159832603145
-1.02102946684
-0.11956358836
-1.92066287167
-1.94039517676
-0.527597159003
-1.2228362607
1.79706931523
0.130287404223
1.22563912863
0.218871351557
-1.19914485816
-0.736909491393
0.286377804169
-0.246996528693
0.884903723815
1.62237431518
-0.420214555638
-0.697919039479
0.587209142954
-0.149149873071
-1.00083580318
0.167231618226
0.719367834333
-0.0823344125426
-0.254774438108
2.44367685217
-0.0762124088665
-1.44677528195
-1.23716005051
-0.245732661844
-1.31056920811
0.210372646106
-0.24644725887
-1.10321608764
-0.473574041696
0.493696256168
-1.01402751117
1.37480724916
-1.46787827773
0.517895601718
1.35238731645
0.513188595589
0.0297928499525
-1.18590491626
-0.454790324616
1.72626420075
-1.51766076856
-0.0228729055677
0.923777300747
-1.68757368741
-0.35016492236
0.306143657461
2.46014862653
-0.822722482782
1.02031642185
-1.6073272237
-0.557669827307
-0.926791248784
0.438931410954
1.8929822266
-0.87127781571
-1.00071570207
-1.25736449164
1.55103161478
0.218871351557
-0.731978803142
-0.498778275951
-0.829592400193
0.796883509229
-0.795655473979
-1.54124862502
0.0800529966559
2.92828207383
0.675189289745
-0.491786423054
0.171842835707
0.240342459719
1.30263307676
-0.908734555664
-0.983519446223
0.633169071962
-2.12897332163
0.909659504006
0.993369720246
0.878726604526
-0.537706963444
-0.627178442458
0.8688255295
1.09404546241
1.2827299064
-1.12960751429
1.43517512491
-0.728087934584
-1.14666027229
-1.53772054288
-1.13203748719
-0.143890405926
0.416228557467
-1.90137121157
0.123242717778
-0.917397674136
0.126833260207
-1.84172806608
-1.05476914146
-1.16119025679
-0.896252660154
2.20831567248
2.04743789427
-1.5905564678
-0.850860045534
0.563285922628
2.54689115559
0.0412207465353
-1.81807774933
-1.49273599241
0.99477854207
-0.131609881139
-0.319398305212
3.12367707107
1.3953205685
-1.25701269325
-0.733688453095
0.463073167318
-1.38468792342
1.1495625627
-1.30535126939
0.178603450657
-0.685875731803
0.373859750728
1.85831508075
-0.7888659287
-2.17580480867
-0.483307241032
1.27175712222
-0.605930084003
-1.02744148835
0.795531868887
0.134825620482
-1.97679309382
1.27175712222
1.09510633798
-0.146890086262
-1.00844651608
0.706836107075
0.927035348374
0.687396331266
2.78500770202
0.711296017645
0.787846604075
1.44922959432
1.31845887847
-1.00713370275
1.26695873923
-1.22364961926
-0.63456733807
-1.41838534329
-0.488750000383
-0.621899655034
1.42564674674
-0.992634481427
-0.556642223978
-2.20171333557
1.83637253243
-0.696925396531
-1.40523704973
-0.605726178549
-0.704983455443
-0.71103013431
0.540596620826
1.08172818153
-0.996663156838
1.85374240211
0.923777300747
2.20167998259
-0.0445068122181
1.92022675453
-0.832234324157
0.686196269309
-1.12845522691
1.48672762615
-0.649908628439
0.06706887958
-0.924389527033
0.241700960013
-0.730382424796
-0.2536827295
0.212095831048
-1.52490476083
0.287532162466
1.60891576836
-1.23716005051
-0.493788585594
1.79475441786
-0.337932176635
2.29219998011
-0.0105728755864
0.135461473665
-0.827993697685
0.202870338181
-0.913225027792
-0.212422388004
1.05999875617
-1.28638086282
1.96622444093
-0.629578566372
2.43554347561
-0.683578493031
-0.804723091655
0.677939600451
0.456492330278
0.384941364281
-1.55675961381
2.20970748443
0.884377173093
-0.443800118383
1.32404744608
-0.977461036295
-1.18612766597
-0.880152885243
1.99312842846
1.4213469028
2.16313248315
0.0914459837452
0.325787575266
0.0694423501775
-1.00910440919
-1.60898769062
-0.579162752606
1.16670944613
0.664781899997
1.66021475519
-0.963730402282
-0.554432711551
-1.18605257265
0.114130908699
0.993369720246
0.73267595797
-1.24342075136
1.04522812682
-0.50861894337
-1.82551141619
-1.12727078308
0.163777474209
2.20167998259
0.239680426306
-2.18499171107
1.37369581103
2.16324776029
0.954399946963
-0.459962559678
-1.93711833203
1.60334007032
-1.2228362607
0.127072070675
0.771794556598
1.26456459
-0.304262312042
1.09108503348
1.27017909835
-0.982605732773
1.94061674664
-1.25847270364
0.621877848205
-1.44596443989
0.674571601639
-0.0893184614284
-0.541590271698
-0.188267792523
0.99679561311
0.484090254433
1.4376703249
-0.579618792947
-0.101388865055
-0.55643050946
1.97874034397
0.453512190067
-1.2246351999
-1.07600188178
-1.55162020779
-1.69526660682
-0.795655473979
0.161394802802
-1.30156439403
-0.586346573805
0.916595295692
-1.33112694165
0.055410440923
1.21079383036
1.561180228
0.510117301297
-0.888945748266
1.22473964156
-1.0440930618
0.00423429154011
2.50874253323
-0.768677089006
-0.694715896322
-0.340787886039
-0.303568358718
-0.615043521371
-0.504789827016
-0.520138926449
-1.06996988863
-0.915989346573
-0.554849022916
-0.74813049294
-1.01914140954
-1.15460485351
-1.40523704973
-0.957791414285
0.978448225086
0.499992321362
-0.0249609600733
-1.0168301627
-0.129164053564
-0.51804260355
-1.27542761877
1.10868773895
-0.570257138211
1.37070074857
-1.11022378146
1.38337990943
-0.716944793152
-1.23487614064
-0.907125532075
1.09636450008
0.388941788539
-0.628243021723
1.19598231684
-0.908133370953
-1.56657961424
2.6255184747
1.18924513356
2.44367685217
0.0439310887825
1.24062816128
0.615173229083
3.12008676519
0.834603646524
-0.0996971573905
0.563451933486
1.81950075622
1.80864922835
0.135045380607
0.622170820122
-0.181793663288
-1.10556132378
-0.836332336511
-1.07937884486
-0.0861878813389
-0.744955364393
-2.59969771547
1.96522026927
0.784557285261
-0.435695929873
-0.279481506823
0.099246577331
0.633169071962
-2.17580480867
0.8711813415
-1.80904515718
-0.677715973403
-0.713575166051
0.310997624104
-1.18914595402
-0.962833904797
-1.32468816006
1.03547903788
-0.568970045782
-0.66692002918
0.324677528884
-1.38473729584
-0.674962912598
0.258458846339
-0.302064495746
-1.18392020623
1.05853944165
-1.46787827773
1.20851727022
-0.784242963461
1.10325669396
-0.652500024782
1.92014454802
0.281006011588
1.62573752496
-0.7104379321
-1.07937884486
-1.27896648285
-1.83844132467
-0.895402102871
1.45665815352
-0.997705223092
-0.604413588007
0.498311854977
0.0121095358118
-0.802496903695
-1.01329520392
0.536701358723
0.677939600451
-0.905779866418
-0.00659173821457
1.0296085031
-0.758688086024
-1.42189023477
-1.47515510408
0.0760876835028
-1.73463113205
2.31518941865
-1.97446323927
-1.97789831624
0.369566324101
1.32059425117
1.7397466174
1.22363604743
-1.12120101585
1.40294138418
0.185735150878
2.51026660175
-0.838358167265
1.22363604743
-0.781655690727
1.70385825787
-0.405180055866
-1.01381004027
0.374637302309
-0.055386118154
1.37070074857
1.9800341541
0.250501395556
0.558572262638
1.75527276288
-0.443410884732
-0.480992549754
-1.36180619398
-0.905779866418
-0.984610884895
1.07852804465
1.92950620276
-1.42627276126
-1.48593106555
-1.47054522672
-1.07086292345
-0.769767611959
-1.70078490059
2.78500770202
-1.36729049845
-0.850176890855
0.659980290875
-0.53930359503
0.473500980921
-0.935923959282
0.228756129279
0.279814471264
0.0374612036674
-0.251527880521
0.641160513578
-1.19551940624
0.0179816988835
0.711296017645
-0.453625167673
1.63031454999
1.38385637516
1.23603826668
0.446123784238
-0.832234324157
0.481564289732
-0.969825994237
1.252779839
-1.32061493619
-1.11465844715
1.4372282577
-0.723335461338
2.4762727306
1.22363604743
0.771794556598
1.35997804659
-0.838358167265
-0.617912323131
-1.71401747157
1.06991704716
0.0680301310689
-0.736909491393
-0.831011985732
0.715050298398
-0.505728110643
0.178523078526
-0.467055463339
0.317608052415
1.9800341541
2.14553161206
1.72005173381
-0.608108613414
0.717287843669
1.07767908521
-0.869450625354
-0.11058610677
-1.4456372072
0.301577632682
0.0182736832569
-0.19433744373
1.7326994174
-0.654457402322
1.28170734534
-1.3387813911
-1.06238330327
-0.818946406067
0.786857750157
1.35740226837
0.301357666467
2.18006882102
-1.52477248602
-0.39691717578
2.08434098755
0.68898722471
-0.396519008315
0.169815648139
1.64835982914
0.322454008382
-1.30307124659
0.276372482707
-0.599233304397
1.79009151756
-1.07937884486
0.492872352203
-2.06945855012
1.72005173381
2.47383148596
0.136152437408
-0.585304507551
1.02294089331
-1.41359383694
0.960253265782
-1.25701269325
-0.605726178549
-0.296154674621
-0.759161583351
-1.27948707559
-0.728087934584
0.45831400528
-0.523713154877
-1.45728464112
-0.87127781571
-0.432317338506
-0.840239076436
-0.615043521371
-0.579618792947
0.112844971473
0.0527379765756
-2.1097016443
0.943705496138
-0.762686216573
-1.69553183406
-0.683578493031
-0.53505609191
-0.871114318408
1.26012627378
-0.232867490673
-0.873782659146
-1.36258970355
-1.51888057674
-0.766461820202
1.99321705228
-2.32597460554
