1.50652368485,3.86826481202,2.77602807619,6.09677577433,2.53438091741
2.1115885172,0.3989694374,1.3910618405,3.08516005056,1.12784165967
0.946695917834,1.76166915029,1.39456025115,3.93107621148,0.289375257146
1.49504539181,1.1117949007,1.28136942316,3.41706183031,0.39256672366
0.765393121452,1.77120156584,1.22604909461,4.10157696634,0.4065872785
0.582608173759,2.04258208254,0.80060489492,4.82711829711,1.21843975847
1.76614972184,0.770748166971,1.27264949561,3.25344487122,0.733749855563
1.0770591793,1.33798324244,0.490271656259,4.17986706452,0.830465228405
1.03169798367,1.55247490034,0.312575644635,4.47646186582,1.10511702181
1.21093807652,1.41183991639,1.27851256241,3.66274161512,0.0751490242838
0.28003566517,2.31716461459,1.15047559771,4.9640529152,1.27926251392
0.715481274631,1.76953981931,1.16400473293,4.15444191559,0.45740079766
1.25648262644,1.95460138635,0.525198802673,4.99075341172,1.658855458
1.01869368834,1.38073906544,0.544443342173,4.18602232732,0.784186227268
1.86250075297,0.821684017179,0.662541879266,3.95355991384,1.39321834294
2.58977097321,1.2131148411,1.2611989003,4.24845764299,2.21563602227
1.11410495425,1.48041396238,1.24763749879,3.75801337476,0.0778607320849
1.15808406606,1.59252908463,1.41733205372,3.7118003435,0.117376286172
1.12935982891,1.24073008413,0.748752866734,3.94445674342,0.577584546752
1.1468337251,2.14720153376,1.8670892646,3.94070466315,0.680317666876
0.337756868786,2.41600283226,1.56130746865,4.71310579943,1.06288663148
1.45804155554,2.33324205125,2.1890886308,3.82055178972,0.938049241139
2.16550200455,0.696687991213,1.64410342815,2.84677128937,1.06483359783
0.786555678765,1.58339578805,0.819553236874,4.21065108006,0.610604131873
1.80490374364,2.64696331222,2.58511418219,3.79927224643,1.31679491087
0.785034392624,1.77309091063,1.25011400429,4.08209794434,0.389859884838
0.965950802802,1.41432217711,0.846414610651,4.02225334091,0.486558119503
0.935599146941,1.70205355414,1.31854139987,3.93301860272,0.254152304461
1.05893971068,1.46433804007,0.330532119533,4.37485407528,1.02503624707
0.483168624397,1.89041765686,0.925046046169,4.505709199,0.840786907754
1.20158632733,2.93810222845,1.52555722583,5.82593018919,2.20513590481
1.45276171978,0.978368272205,1.02831458568,3.56466497256,0.534263889444
0.950088317866,2.14886561485,1.73823454079,4.09491740537,0.662187421404
0.438109798245,2.72178263724,1.53127933048,5.30235941448,1.60525522203
3.72099547658,1.68533490552,2.43584021007,3.92407570666,3.10372436005
1.91834283842,0.917409846266,0.654814773306,4.06209939177,1.51647364046
1.96518972245,0.412101076053,1.14988740571,3.33076117121,1.08983896798
0.459166055928,2.02330114781,0.880637129437,4.73063942388,1.0854614512
2.83232770088,0.470929165767,1.81244497829,3.00735251719,1.94949965069
1.70507235286,0.687407944533,1.0373849786,3.45069339042,0.822573210893
4.10316547682,1.74317575788,3.1166274423,2.40161564396,3.1098781184
1.80958908523,2.62307555632,2.57459979132,3.77045725375,1.30105922466
1.48943382074,0.93839266982,1.03159944031,3.54185871353,0.570842561597
1.0124645276,1.48128228719,1.11468701945,3.8765796002,0.22622184845
1.07169611018,1.67978937448,1.42431135566,3.80354792927,0.193121459577
0.976469439529,1.58993551073,0.366414481776,4.49230025085,1.08421873296
2.12166273602,0.830284776316,0.860478786659,3.97613417786,1.65686169269
1.95951835589,2.68999147647,2.70177554714,3.69627999492,1.41331270374
1.08477532303,3.43820307478,2.24585749755,5.89252094933,2.22539230002
0.162328302367,2.20698994329,1.20656637886,4.72847987214,1.0316049861
1.78607457617,0.928796413509,0.555760187454,4.05304488255,1.38623981875
1.32384848164,1.057590031,0.626500572896,3.90961833394,0.780859264578
2.01809777795,1.7474734655,2.18746794122,2.93952916896,0.942650642813
1.68613557907,1.53937075993,1.8157684504,3.20317873056,0.56780094186
0.647819772038,1.72661392162,0.924179254521,4.29757043979,0.639920853911
0.981932120091,1.63382385056,1.28618336271,3.88501593921,0.193560055788
0.56631552663,2.86601771437,1.90354128972,5.13511143819,1.51824692561
1.35329623316,1.06331814728,0.974636638224,3.65664840472,0.485215555285
2.41226964321,1.17604571065,2.11351509356,2.46844227825,1.2429860315
1.56069985444,1.34662010228,1.56707706739,3.30627724504,0.392317907149
2.37907828992,0.713668985543,1.14275561748,3.80690704758,1.81583947093
0.841397377776,3.06642052351,2.17482982977,5.18651375981,1.65907743803
1.51855806474,0.985876378462,1.16230471434,3.45148418832,0.500802335372
2.02699510495,0.44673851207,0.989814913714,3.57122925912,1.32159155323
1.48344104113,1.89941122274,0.529860680952,4.98953172581,1.78920903749
1.5573909336,3.80995243936,2.49598202496,6.42120272137,2.7279053494
1.93818893247,2.08527017064,2.3406574863,3.19599312443,1.02752509413
0.739422738922,2.01012355696,0.693539913976,4.86627572191,1.31115328345
1.68252662033,0.693638446894,0.97112317895,3.5121596902,0.84693241617
0.769515702676,3.06175475209,1.82883184464,5.63544969228,1.94036787848
1.82133613799,0.731875257581,1.30814317376,3.2065777621,0.783707488234
0.414740394251,2.38329425538,1.58236030438,4.63606895879,1.00208143612
1.77259394926,1.13648319449,0.456498313743,4.2698736595,1.51964852893
0.912793058826,1.5366731658,1.05116328819,3.98566681605,0.330410275135
0.790736517689,1.63104269574,1.02217150092,4.11064845081,0.441331652302
1.81219993617,2.09839634984,2.26820836485,3.32673103191,0.949420632736
0.540806827076,1.88892425175,0.805736613584,4.59481796981,0.966332787341
0.44312204417,2.4426048368,1.64096348635,4.6715407148,1.0520356454
0.58027700196,2.69267110416,1.86482965559,4.85514513138,1.28481774971
0.350097668935,2.03229074153,1.00971555819,4.63704172047,0.957029810533
2.19096567456,0.437208453913,1.08142793197,3.58551852474,1.51017173887
1.32838797882,2.58236739862,2.25990861033,4.15512557923,1.12207891294
1.05995983741,1.33137142937,0.881690817518,3.9230357683,0.437343115147
1.19476473186,1.30515935201,0.318385792311,4.24283166755,1.0021343855
0.75234392228,1.63085525046,0.921291526672,4.18874442476,0.54551936585
2.87544072846,0.526267695992,1.94968410105,2.76256091976,1.91437140447
0.408422078309,2.02200526908,0.929827294355,4.68830724924,1.02728109127
0.785941586373,1.67160837063,0.5782068175,4.46863742436,0.942668132997
0.829944421904,1.91570044346,1.45151516797,4.07173893906,0.452476924447
1.5016742102,2.10358293821,2.07041731248,3.61466365259,0.770541854796
0.948194207296,1.42414307076,0.797474151435,4.06580292987,0.540617322351
0.404486378322,2.10029553941,1.306918997,4.47169387029,0.784393780847
0.494441733512,2.47782786057,1.20968654707,5.19687160295,1.52352318848
0.915995989119,1.52227453955,1.02774554966,3.98979068924,0.345561533135
0.500675312013,2.12050229623,0.894877565649,4.87188291331,1.23631180794
1.59198508679,1.07260863366,1.3569807436,3.31715208885,0.469161716222
0.655477263897,1.78231368565,1.10188751055,4.22332029688,0.529650186876
2.56202194643,1.04284520413,2.13602715034,2.36779801749,1.40542174967
1.24726048309,1.22888895032,1.07866839912,3.68441539135,0.30150442895
2.46901690737,1.79226071909,2.50372989,2.4821489326,1.35223472155
0.828433339917,1.5544443497,0.671151292062,4.27885058923,0.74205791992
1.8621341125,0.642500974556,0.791445774114,3.7451980197,1.25222221948
1.58275758006,1.58508942863,0.338972367912,4.69679930886,1.65737739073
0.933100111222,3.27303380216,2.06962475471,5.77024525594,2.08928355626
1.10050163948,1.28188666672,0.842229774568,3.91096072813,0.479708540478
1.05452083114,1.40329727646,1.0477240284,3.85774231164,0.27324647918
0.962178238079,1.52969870319,1.118307204,3.9225322962,0.252820728007
1.41712809169,1.91937245928,0.524049551608,4.99524241936,1.753468333
1.3539482294,1.03398164769,0.891393281717,3.7054859525,0.562087151519
1.13854527834,1.484973082,0.209653583957,4.4498567665,1.15405013738
1.14253799389,1.22702506391,0.696997349723,3.96891423131,0.631143308468
1.39489381059,1.84842219607,1.82168509968,3.57040716085,0.508156480589
1.31970163629,1.8951315288,0.475068295688,4.94882507913,1.6643178955
0.859735632813,1.81771190058,0.507194138046,4.7087058823,1.22248542222
1.82133613799,0.731875257581,1.30814317376,3.2065777621,0.783707488234
0.792829335787,1.59219671685,0.682406346515,4.31237905667,0.759783276414
1.35585492511,2.07683526041,1.95634884503,3.72381859754,0.680513899767
1.04538178656,1.43802385361,0.380612012364,4.32531355875,0.964085075768
0.864578697213,2.04994979685,1.60023742407,4.10268930452,0.569045272909
1.0228486652,2.6139900442,2.09345459673,4.43183232339,1.12752690514
1.04738765135,1.3480516917,0.897264455659,3.92581282767,0.422100277485
0.525622357688,1.87545543467,0.839390777386,4.55113148057,0.910870224301
0.764180891195,1.94085167492,0.634083383688,4.80243589989,1.26392590933
0.860004119443,1.84748965444,1.40748678073,4.02615965241,0.387143058832
1.40637243921,1.68347782211,1.7062958093,3.50101278214,0.388291984204
1.4122640413,1.32542393787,1.40621775153,3.45900542541,0.243996103874
1.06510530833,1.7127433589,1.45094252601,3.81541128471,0.226301239673
2.78526803265,0.675269622927,1.60307700751,3.48899098982,2.07872679245
0.795356311975,1.63930127501,0.591379321925,4.4224085602,0.896065936895
0.942191382013,1.48262420831,0.515229494086,4.2978871141,0.853750263542
0.351023467889,2.05297177798,1.17877025973,4.52058337903,0.823441467268
1.03539165689,1.50647998011,0.330683181443,4.41762915233,1.05055855812
0.98772559928,1.53942928027,0.374887570234,4.4310513655,1.03089707693
1.52609869575,1.7153172642,1.82083850937,3.40123212775,0.508147961021
1.41837918939,1.93313205955,0.537414218309,5.00888788301,1.76351735592
1.80165698008,2.5448070825,1.19098463145,5.65191296876,2.38074510893
3.22523302922,1.66187978783,2.85963131504,1.6543421672,2.0544786589
1.75695167224,1.39366972464,1.76810884935,3.11357015357,0.599779752583
0.865530429461,1.50809931907,0.830181076985,4.124514938,0.546605376181
0.756404295907,2.45414363358,1.83472084144,4.47134759119,0.986113932117
0.150616944814,2.37852929387,1.26701222132,4.95389247621,1.25798175375
2.04561648093,1.46943238825,0.726456124508,4.61806337799,1.95191773054
1.83701698393,1.96333997888,2.20089193589,3.22085364264,0.890213679163
2.84680733631,0.953663446993,1.58397678147,3.79351862359,2.25714329757
0.519431480082,1.95447758789,0.817867746656,4.6786081092,1.04955552363
0.779900112217,1.66333708717,1.07110379967,4.10735205586,0.423976715393
0.449314519574,2.02492287187,1.2469221906,4.41857504606,0.725221415737
0.583329754468,2.1170641087,1.46124712127,4.34537069107,0.704509132508
1.57552228977,0.921391839331,0.523996555235,3.95683687467,1.10622453357
1.90035769073,1.81221628865,2.14860562698,3.08370945657,0.867210818525
1.64610869843,1.10961832903,1.44964947643,3.24620416871,0.497095825546
0.356173396292,2.34556587137,1.13841562057,5.02616075129,1.34806184701
1.96370847713,0.984592201468,0.669983735752,4.13311265011,1.6018554746
1.60188433051,0.802960035975,0.697074024239,3.77741555156,0.982157399137
0.746820970264,2.00587402322,0.686845092009,4.86502306098,1.31297375391
3.28182561411,1.1075145726,2.52756293005,2.10202563038,2.19550203893
0.616925967077,2.88134722247,1.95227466685,5.10454845792,1.51049428438
0.784877525769,1.63869882136,1.02805486961,4.1144965631,0.442695376974
1.57411220386,2.23788765274,2.20272421875,3.6444240503,0.909672277806
0.565550682414,1.8053045459,0.883353524854,4.42582718515,0.773604908057
0.655689493424,3.00342404143,1.83526906217,5.49962312711,1.81403163559
0.434891644348,2.6829105607,1.76098687854,4.9596482299,1.33112095973
2.28542890849,0.979177217359,1.90998023552,2.62964517429,1.12952023601
1.50992622547,1.2785923619,0.192434817723,4.36143646803,1.36483174103
0.730894367339,1.76924112788,1.18287216382,4.13757622897,0.440475170379
0.948992290914,1.73995373055,0.410302754638,4.66155365071,1.22647623908
0.573783431147,2.4971065172,1.19971169079,5.24702860123,1.58290672734
0.649176165871,1.80360975033,1.13206873223,4.2242424574,0.528076284193
1.86471850082,1.44987582141,1.88984972701,3.01333786732,0.71750878387
0.875990488987,2.10139869341,1.65096397976,4.12216845378,0.618178891905
1.06156763359,2.05599450233,1.7424345741,3.9528195465,0.576190558286
1.55276918386,0.914925543058,0.546158587878,3.92970574542,1.05939075966
0.646772803779,1.98032936836,1.36885129013,4.24128524371,0.576537594638
1.46592281834,1.45563131157,0.151229855417,4.53888568434,1.46289339477
1.10679924721,1.76118780473,0.345581717667,4.74952291723,1.39064114605
0.552273325779,2.36518277831,1.07383810862,5.13061353119,1.4805881646
0.526167348876,2.49719152016,1.72537471362,4.67039932052,1.08314965055
0.934880412396,1.65778108423,1.26468072948,3.93209275529,0.23831261144
0.577308372149,2.19070982296,1.5251789216,4.3903626018,0.768820788409
0.935307006596,1.47461071915,0.956813527266,3.9977759646,0.394093947765
1.15346165117,3.4248898164,2.48952662749,5.50843801238,2.01797544523
0.243163492998,2.16423772389,1.09418412997,4.76433733538,1.07654799916
1.17688886643,2.1679222633,1.90141664071,3.9304064825,0.706551182984
0.648722532121,2.99788731659,1.83254036891,5.49146216401,1.8062530216
3.1980634937,1.01859544564,2.43777986056,2.17939752917,2.11836099747
2.10284584468,0.686536199078,1.58086809671,2.91285568714,1.01085430498
1.77236481732,0.851381270309,0.599159310755,3.96291513307,1.31049013648
0.577126265013,1.79210197836,0.905446382727,4.3923964261,0.734781118793
0.858045940972,1.65848417635,1.17558360402,4.01299802646,0.316973536402
3.89331557476,1.91912497886,3.30263471394,1.26633059596,2.74069877109
1.1506960567,1.64115605324,1.45803925701,3.72471347797,0.168369352397
1.73145940914,0.651851952167,0.848805750126,3.62754618451,1.01251206214
0.813142899029,1.56027029252,0.845922208561,4.16726061946,0.565255971915
1.02915317459,1.46028479176,0.381441306055,4.34627691744,0.973621487901
0.893973066782,1.48519879874,0.856666312334,4.08273972704,0.50579195618
1.11904828595,1.33391835985,0.404221075465,4.22224171542,0.915419193962
0.444031028895,1.98347796485,1.17452178916,4.42550726587,0.728398661693
1.82253897354,0.546758814534,0.991927992209,3.48422256536,1.01462783017
1.12915909962,1.77049314178,1.55829857874,3.77323341994,0.299437207355
1.18072094719,1.19313817368,0.792470382862,3.87944899309,0.54974441901
0.519192230538,2.00477642517,0.826977830667,4.74625022119,1.11915619456
0.408116800425,2.66644239054,1.47100726673,5.26429309158,1.56740193448
0.857860950145,3.19817753978,2.17716569446,5.45602103399,1.85760630876
0.688551389329,1.70093056745,0.97034225629,4.23158625643,0.565120478573
4.26023978682,2.78769066094,4.00568294694,0.716523451239,3.10125484705
1.25646273228,1.83886113342,0.408959182436,4.87640634267,1.57521249312
1.37698705375,1.05173966468,1.00632056293,3.62388399135,0.477941288716
0.92745218176,1.48674799077,0.542292720902,4.28673304334,0.829026900347
1.25552506796,2.33464981292,2.06332470554,3.99097579469,0.880433702235
1.56970512064,1.0240513106,1.28045412,3.36263939943,0.48296397484
1.26721550741,1.14348006254,0.946582699971,3.73018868668,0.444678575855
1.29358182926,1.25520017697,0.258551367082,4.24011068153,1.08459723827
1.80165698008,2.5448070825,1.19098463145,5.65191296876,2.38074510893
0.858142399815,2.44229318334,1.88838380346,4.38782533527,0.961468940981
1.4202757232,2.28003981006,0.86494057153,5.3377158271,1.98351465701
0.486832023528,1.9543840535,0.852360990275,4.65153492356,1.01003293241
3.7834764192,2.47377597762,3.60316844501,1.19751065258,2.63331997497
5.65295617224,3.59183727788,5.0148827284,1.19693689769,4.49530773349
0.525597029636,1.90747284047,1.14642888889,4.34636222045,0.649389445945
0.322439122288,2.58621863662,1.41357698813,5.17503120915,1.47819839631
1.47368400363,2.16298542468,2.09091490376,3.67884966489,0.80428664166
0.068704371667,2.42891170838,1.37031356187,4.93557588428,1.23962237674
1.84009246658,0.913937506835,1.48680255498,3.09352992178,0.717098620459
0.608448071968,2.97767354262,1.87884989309,5.38913228804,1.72309662252
1.73917664326,1.3051466162,0.402003837839,4.43803007974,1.60253975953
1.9583945155,2.20872877466,2.42682975888,3.26219636913,1.10865164439
3.01764377163,0.648827188292,2.02947238005,2.82313525387,2.08943186295
1.95100624174,1.39224235507,0.621921915619,4.54124027208,1.83403233335
1.40836489294,0.982244017994,0.914694293944,3.6596648771,0.589131679744
1.25242835191,1.6243136283,1.53201021534,3.6278972242,0.214696454957
1.26677774219,1.1749840763,0.434068282392,4.09519393998,0.919569947858
0.661056076219,2.00982117581,1.4119958166,4.24015841472,0.590018368589
1.78424985941,0.593113022374,1.0342330793,3.44130862663,0.928439489232
1.58141746202,1.17745840618,1.44287446644,3.30141429545,0.424201217253
1.56738623173,0.802610126234,0.864666110827,3.62942758393,0.797395596432
0.664556125907,2.0713324555,1.47588745521,4.2637009416,0.636826828947
2.96473698247,0.605244301778,2.01569739564,2.75775565926,2.01180463477
1.1673031041,1.22916301709,0.537279717241,4.06995086624,0.790280853571
1.05937092922,1.52913344679,0.287630739196,4.46239106526,1.11045200838
0.482348940056,1.9850821405,1.22268304277,4.38464006918,0.689616567206
1.3995789401,0.987395477667,0.899287911459,3.67446333635,0.594766296314
0.764679035373,1.96052133981,1.44377258627,4.14019462462,0.510893778705
0.528630142923,2.76362679316,1.53473110508,5.38328364312,1.68674336394
1.80879021239,1.71934434933,2.02671702857,3.13576724421,0.750265728238
0.53649138245,1.97464796586,1.26344046603,4.33297425334,0.642664425675
2.88448323352,1.47855706123,2.57388364636,1.98708280712,1.71356597251
1.05729325987,2.04872257695,0.625428624726,5.02409080472,1.58106505386
1.17296142076,1.6937520419,1.52624309042,3.71443252925,0.235306455562
2.79684166688,0.431369099691,1.7913513928,2.99332703661,1.90594664717
0.829604005498,2.03791703287,1.56486997408,4.12330990476,0.562747949598
2.01355500886,1.71834057875,2.16651618539,2.93311534482,0.928994467539
5.25583219349,3.12787315567,3.96262476685,4.4882158322,4.59681539498
0.0937194190722,2.31455280619,1.33366188665,4.77931846763,1.0850998804
0.917330122195,1.84631774009,1.45487885344,3.97718788698,0.369282094427
2.71300069099,2.21149228456,1.50758090134,5.31228267325,2.79490387447
2.33850756928,2.26745593912,1.26342467649,5.41408073288,2.58244378551
0.530121309299,1.97948752559,0.811483116288,4.72053606838,1.09655029011
1.94739468267,1.4019696069,1.92014744902,2.92544180412,0.790527778509
1.25646273228,1.83886113342,0.408959182436,4.87640634267,1.57521249312
1.42425890577,1.15181064002,1.23607064617,3.48757161132,0.338605099039
1.24695012083,1.85771395729,1.72093712297,3.70296159972,0.434339769663
1.31970163629,1.8951315288,0.475068295688,4.94882507913,1.6643178955
1.76224031872,0.718079689231,1.20721411858,3.30038587059,0.771407373768
0.895025625639,1.69897288917,1.27300749833,3.97205742372,0.281330463144
0.429426077759,2.55930923467,1.32633066346,5.22256440023,1.53346845753
1.26251783964,1.75913547502,1.65439645703,3.65301541085,0.349347140405
0.89529341792,1.55507002907,1.05641262487,4.00059862236,0.33872561327
1.44727255368,1.13364501165,0.30854915091,4.16763549045,1.15748383417
1.67583054639,0.908061299794,0.526789007301,3.99401652752,1.23725736297
1.29486992999,1.13166004497,0.988167610743,3.68913436403,0.424578997747
0.911714643393,1.69100990355,0.426519602996,4.58395326082,1.13351241883
1.52106971163,1.66781009309,0.350995087891,4.76822795936,1.66362932433
1.13795430884,1.39608529222,1.1665218472,3.75014008074,0.154829951543
1.71247762474,0.882774186003,1.3158316121,3.25487481411,0.639473993353
1.07764433188,2.92773173787,1.53613621531,5.76816413315,2.12137123856
0.711830787922,1.91866351378,1.35571079182,4.17008972141,0.503894587818
1.80237470726,0.585538742066,0.891219572709,3.59203032001,1.07216976042
0.613728272167,2.84944991199,1.60634168315,5.47220286322,1.77539409649
3.02064796948,1.19512077026,1.72558452736,3.96175370524,2.48228142144
0.79396139405,1.8930735829,1.39863465391,4.09433949876,0.447559498432
0.492442035604,1.8907256288,1.0454014766,4.40950804043,0.720853947407
0.163552824839,2.3563221941,1.4163835094,4.76500906776,1.08008886184
1.80214816166,0.788774755642,0.656399715042,3.90008839834,1.29643836439
2.79764409399,0.431467527043,1.79443566715,2.9874732665,1.90473972768
0.862598472129,3.07961197512,1.7960063748,5.7236300971,2.02674850705
1.22843756607,1.20112790067,0.988305608961,3.73784533998,0.3792572146
2.42421841546,0.593760274289,1.79137337219,2.68420994984,1.34294001792
0.989364727273,2.26976200152,1.85218600154,4.1488795023,0.783553918395
2.04031013985,1.67252094642,2.15640734032,2.89023386889,0.9387834036
0.25632530592,2.62502614767,1.5513150337,5.09275919387,1.40452978355
1.88504277492,1.04221157741,1.62577424956,3.00872191989,0.72774881763
2.27519035173,0.223241394354,1.25026439494,3.37150653544,1.48893151463
0.632580231258,2.24170477301,1.60428576054,4.38533393126,0.798979134126
1.07884770797,1.47756013195,1.20069064479,3.79782004659,0.129095996237
1.28062818764,1.12337042879,0.531135349468,4.0069261919,0.840111952404
1.5126892778,0.991851158872,1.16110350403,3.45583363239,0.494834253506
1.86574952367,2.60823751279,1.26256795985,5.71989922241,2.45517995773
1.28020608518,2.26219071578,0.831915756139,5.28786284773,1.87939334543
0.743409951372,1.6258283829,0.816906757269,4.25912676896,0.649348665481
1.30671701849,1.12911967543,1.00964646891,3.66998949012,0.413492079087
1.98751694893,0.4848235707,1.29814656194,3.17670153135,1.01412209708
1.97836947894,0.501450625821,0.933803937309,3.61897169915,1.29696266298
1.15398774973,1.69566731577,0.275379793333,4.69661936329,1.37543621873
2.40138676877,0.255301813197,1.590169839,2.92851117831,1.42206971117
1.017432498,2.13279104395,1.77087314348,4.03316554378,0.648451718978
2.47197433702,1.14527547715,2.13563341061,2.41841229379,1.30489715196
0.955171420572,1.54763561624,1.13683989513,3.9253581594,0.246820798248
0.504145045568,1.86845521404,0.914339706354,4.48458057088,0.822432194425
6.1367065407,4.20569253096,5.60695918113,1.33837229986,4.96690765299
1.20677295537,1.30932104424,0.293685893993,4.25789877232,1.02710249377
2.56620081711,0.278228087913,1.70029544793,2.8753637063,1.59938802665
1.0021050722,1.76591552396,1.44790972197,3.88292197927,0.280969971372
1.02238991595,1.82089707017,0.424059465375,4.78166880758,1.3703214793
1.60603385012,0.792272088215,0.715800104794,3.75874527448,0.970592741451
1.25251251806,1.15056324623,0.527100253779,4.02503231556,0.829573883395
1.76614972184,0.770748166971,1.27264949561,3.25344487122,0.733749855563
0.644116585098,1.83006956677,0.695835931224,4.59399250702,1.00745538772
1.61179285648,0.91958272702,0.515243212001,3.97707562244,1.15990748604
0.380795662616,2.05545809741,0.956480744304,4.71632401291,1.05049012504
0.602080380281,2.37434822827,1.68720156538,4.50692356688,0.936143887484
0.739431536582,1.63254334501,0.863456795095,4.23336962364,0.607098283902
0.524455372887,2.22367435235,1.51962433769,4.44679609106,0.816035214956
1.96279739788,2.80037037057,1.44790354913,5.91021289277,2.61520093292
0.743409951372,1.6258283829,0.816906757269,4.25912676896,0.649348665481
0.950785500869,1.42438492296,0.819471527916,4.05070201624,0.517881049369
2.105859543,0.264125758779,1.20059498474,3.31576413328,1.25896294159
0.40987497149,2.0713625289,1.27381111417,4.4604591352,0.769174209055
0.65466718849,2.02319884216,1.42080714314,4.25026512633,0.602654425581
0.486832023528,1.9543840535,0.852360990275,4.65153492356,1.01003293241
0.436754356588,2.20219956082,0.984212208081,4.92692116732,1.27217611941
2.22351922691,1.20358912216,1.99856352162,2.64777218498,1.052678514
2.0484536397,0.67236830029,0.863236830923,3.8210219239,1.49590189436
0.449578585982,2.44286499919,1.19164119064,5.1495110016,1.47411085531
0.271855402107,2.1633967906,1.06737098348,4.78719331437,1.10414538899
0.844692079114,2.01122610401,0.6477696208,4.91141591152,1.39369052398
0.864578697213,2.04994979685,1.60023742407,4.10268930452,0.569045272909
1.44437823751,0.935986482217,0.885577497404,3.66067034691,0.649303780755
4.21789455061,2.47884557628,3.7953043137,0.679188604451,3.04700407411
1.09096143441,1.66416393801,1.4263062629,3.78341464118,0.178106460938
1.32622235823,1.11345675838,0.457823098483,4.04816602248,0.931672611032
1.33547813669,1.97912946099,0.560851642689,5.03453388814,1.73371591851
1.86594876481,1.00529934823,1.58150305071,3.03742078455,0.716460173439
0.660507383324,2.6494279041,1.89392901438,4.74189928501,1.21262388821
1.8621341125,0.642500974556,0.791445774114,3.7451980197,1.25222221948
0.337644714956,2.05764626954,1.16807705025,4.53693889962,0.839895940146
0.860509027748,1.87221875756,0.537347886938,4.77047810053,1.27862974328
0.859735632813,1.81771190058,0.507194138046,4.7087058823,1.22248542222
0.792020693671,1.58297850296,0.724003362083,4.27527563405,0.709384998661
0.833773065354,3.09318462223,1.8332821254,5.70044312229,2.00363454774
1.31187064668,1.13165395446,1.02576127692,3.65845151168,0.402517644368
1.78724563389,2.69279040654,1.31236418218,5.78455334002,2.44944246856
1.98788047573,0.597423273148,0.867139512602,3.73509164869,1.38088131039
1.80891533863,1.28230528055,1.73141456502,3.05812582984,0.639484077066
0.894671947275,1.49798384205,0.608548661872,4.25917459278,0.768781740504
1.39183592357,0.996543517011,0.902392837907,3.67672683246,0.584949512125
2.01039522466,0.970761516647,0.716274529732,4.12007316078,1.63639461724
2.25390064183,0.553790062462,1.63444357976,2.84034183026,1.18665130447
2.02701923614,0.64128948631,1.47453543565,3.01584975579,0.962511457064
0.317634700765,2.68674737172,1.61027338705,5.1413392072,1.45689901972
0.351023467889,2.05297177798,1.17877025973,4.52058337903,0.823441467268
1.22484676691,1.14984214922,0.643170014851,3.95134390619,0.710291682096
3.09341997582,1.19375005159,2.51650381999,1.96806813136,1.95346482459
4.42809209973,2.56916041901,3.93061880899,0.617672569819,3.25963209783
1.88769176349,2.41009598963,1.11343080706,5.53713835316,2.36408005986
0.786555678765,1.58339578805,0.819553236874,4.21065108006,0.610604131873
0.60792000766,1.7832735794,0.788082175035,4.46748118306,0.846327955888
1.51748456406,1.19627384923,0.247377308734,4.27221040132,1.3032047695
2.02329404346,1.44726891359,2.0045207117,2.85491165172,0.871737121218
1.77259394926,1.13648319449,0.456498313743,4.2698736595,1.51964852893
4.34145966173,2.28873404938,3.04311097643,4.18353055012,3.7268531687
1.54776247967,1.50310271591,0.258280969494,4.60703894439,1.57105922743
0.335976161959,2.09493905764,1.00128417893,4.73841926275,1.06429711562
0.679082701712,2.31928157907,0.983628884329,5.14249142111,1.52567837027
1.43808112716,1.11913280051,1.21515477286,3.48439900189,0.369211140913
0.459249604116,2.8263442084,1.72077717895,5.28100074361,1.59995338515
3.32590802742,1.2176537755,2.08400963208,3.63111335504,2.65095422105
1.10607961963,1.32660643042,0.99328827399,3.8335517522,0.328093249055
0.329784598828,2.33608898512,1.49560218703,4.65022370029,0.989659794902
0.476032077386,2.66385525765,1.43060371035,5.30737029508,1.61358961216
1.7481315636,0.930499405821,0.534067304303,4.04528090002,1.34478095512
1.48613675587,1.47548070655,1.60654336752,3.38577452816,0.344918360339
1.12955451411,1.83060555593,1.6104120871,3.79262734551,0.361973969483
1.2812822339,1.10150317404,0.608078347389,3.94533541837,0.771063628228
1.15484380608,1.64572853279,1.46612399908,3.72159589135,0.175173444693
1.05452083114,1.40329727646,1.0477240284,3.85774231164,0.27324647918
2.24811736472,0.820356871571,1.78761829668,2.71703921667,1.11650713606
2.56050187933,2.92562830648,1.76627097637,6.07493098995,3.05105890694
2.05117575998,0.344740706974,1.09339266263,3.43470260035,1.26503300444
1.20158632733,2.93810222845,1.52555722583,5.82593018919,2.20513590481
1.15865238858,1.88163673047,1.67452323494,3.7879035034,0.422735852755
1.04738765135,1.3480516917,0.897264455659,3.92581282767,0.422100277485
0.349709713042,2.30034262288,1.47716340268,4.61148640181,0.950011676758
2.88345237995,1.23800740855,1.5675766498,4.12326541087,2.42117087244
1.16449361285,1.32410174097,0.338100323313,4.24754314526,0.980951654713
1.61087161366,1.60614351555,1.80588242268,3.29017092363,0.523513261469
1.50652368485,3.86826481202,2.77602807619,6.09677577433,2.53438091741
1.15771740403,1.26231232175,0.963204552383,3.80443567032,0.371430599635
0.464163259677,2.80099245015,1.79725111454,5.13888446243,1.4910599909
1.78060140422,0.952981498689,0.538837609082,4.078022408,1.39812578351
1.63574808203,2.40323787822,1.02371644537,5.49413339162,2.19643159967
1.29486992999,1.13166004497,0.988167610743,3.68913436403,0.424578997747
0.654676303036,3.01800250454,1.95444433297,5.37475528195,1.72788830469
1.20465575178,1.16457313503,0.719272565107,3.91042348474,0.629813069845
1.06953424328,1.65630271387,1.39847815525,3.80224726845,0.170055514868
2.36494268053,0.190429600104,1.33657262144,3.31632253266,1.56229362928
1.21246718627,1.24959041443,0.383737376012,4.17012461902,0.944706084485
3.40244017012,1.04483664121,2.44156201813,2.54728437695,2.42481570281
0.875223232053,1.96416333811,1.53267969002,4.05398402295,0.485473007087
2.09292217853,2.7741466499,1.46796822633,5.90252734809,2.68397524072
1.78704323182,0.769129456256,0.668003998143,3.87073734149,1.26016840153
1.48903225335,0.975427093514,0.502936959214,3.97174882574,1.02865696817
0.896719341061,1.51238576312,0.962598802392,4.03102506546,0.409102070135
2.66888108803,1.75238868794,2.6025487074,2.24603354266,1.52644841538
1.28426694565,1.44784295713,1.39601339916,3.58290148335,0.116548389996
0.790736517689,1.63104269574,1.02217150092,4.11064845081,0.441331652302
1.29486992999,1.13166004497,0.988167610743,3.68913436403,0.424578997747
3.69694392292,2.08601062956,3.33390234636,1.17376077944,2.52624020012
0.805046571766,1.62154362521,1.02893658643,4.09466301986,0.425331977031
1.0284690514,1.96252330814,1.64473569639,3.9309490498,0.478364836747
3.24381568728,1.32392384778,1.95374578913,3.92593832102,2.67251539061
0.437561522477,1.98074034135,1.16055520957,4.43401653862,0.736903759452
1.80490374364,2.64696331222,2.58511418219,3.79927224643,1.31679491087
1.01932486309,1.53974347178,1.20980225679,3.85300689906,0.162435663839
0.649620425448,2.49942093191,1.17562046102,5.28142032438,1.62987115194
1.36173802105,1.01723860231,0.651804170825,3.87257812359,0.785388343997
0.464267736044,2.07045488287,1.32051059738,4.41518936346,0.73194601806
1.3908746361,0.980115462727,0.720801676401,3.80612931,0.74706912367
1.38892686784,2.31325462455,2.13327600125,3.86328904979,0.897537509881
1.01921692873,2.47386891829,1.05889489822,5.39915185597,1.84184718121
1.53490068926,0.877540461714,0.633131479903,3.84263616136,0.962349015986
0.315471193449,2.21662568475,1.06052199851,4.87983825539,1.20364485645
0.295760760107,2.66334546863,1.60829403562,5.0995153943,1.41823911446
0.649753233407,1.71996434928,0.880364124727,4.32241638114,0.677501369954
1.34682275778,1.21442948953,0.263794694104,4.21743473023,1.11057335586
0.622698790833,1.748363575,0.912110886292,4.33305264943,0.676614635792
2.91709662895,0.696736400573,1.76559322211,3.34112437797,2.15621364198
1.50055353544,0.891795470715,0.664440906471,3.81825349137,0.898708409775
3.29637744959,1.2170941545,2.04646139642,3.67644667847,2.63778613826
1.72035494101,1.0832492422,0.432701631615,4.2047118048,1.43019172715
1.57499205712,0.942455858164,1.19305448227,3.40064163137,0.546003426281
1.84214866879,1.07324424182,0.535847636787,4.21396407668,1.54369882577
1.33686269165,2.06070341416,1.93254987204,3.73011356331,0.658483899707
0.942270963216,1.43919496664,0.856949736789,4.03797611687,0.484223659071
0.806914276229,1.90263802596,0.586357227882,4.77987251612,1.2621903365
0.921840356898,1.44740270913,0.75022220974,4.11984332523,0.598522784039
1.96850790874,0.649863802603,1.41680446087,3.07693850328,0.915545857151
1.553549715,1.05778064284,0.374921279246,4.12388134513,1.21968947504
0.779900112217,1.66333708717,1.07110379967,4.10735205586,0.423976715393
3.68768446056,2.52173553751,3.58392415432,1.38491001157,2.55405775375
0.609044723046,1.78802561868,0.777584246596,4.48102178276,0.86329720157
0.33162238733,2.09554368306,1.23119593396,4.5353567892,0.839439515557
1.08738161277,1.51939335596,1.26446477899,3.78198715774,0.0867688179074
1.91834283842,0.917409846266,0.654814773306,4.06209939177,1.51647364046
0.984639585871,3.34328739256,2.27863302703,5.629198188,2.0225105664
1.73917664326,1.3051466162,0.402003837839,4.43803007974,1.60253975953
0.949319594202,1.74184860863,1.37597141073,3.92519887222,0.273057623409
2.4880671733,1.19392613907,2.17392002771,2.39445051162,1.31894289453
0.660388646439,1.70925547822,0.873257798696,4.31486602003,0.673260605995
0.112512818695,2.36481587135,1.27433338296,4.92282715224,1.22614906732
0.900544758188,1.89709747299,1.49015917869,4.00756370934,0.41866307093
1.65909872594,0.71576166208,0.951973277052,3.53345983979,0.833345150239
2.32205788732,1.17689697161,0.990276100393,4.29126157,2.00420908518
0.654676303036,3.01800250454,1.95444433297,5.37475528195,1.72788830469
0.441164077338,2.78260493041,1.77317918865,5.13245877899,1.4796549537
0.571421721397,1.90822802217,0.765863606219,4.65175411007,1.03952173096
0.508475908754,1.99463334909,0.832952090344,4.72610171699,1.09534874772
1.05937092922,1.52913344679,0.287630739196,4.46239106526,1.11045200838
0.94697130516,3.09898570063,2.26769408976,5.1290505342,1.66281408169
5.88629503608,4.44493166875,5.69100508501,1.37365633532,4.74746466621
0.727736575325,2.05811802356,1.50944650037,4.21024836385,0.605146776313
0.425601087752,2.19568149156,0.985494402824,4.91466946744,1.25819404219
1.88504277492,1.04221157741,1.62577424956,3.00872191989,0.72774881763
0.646345054753,2.35866274081,1.03314574373,5.16398620705,1.53366563087
1.68168751335,0.894963966953,1.28865703025,3.28704172398,0.616476212647
0.619909608535,1.74934696553,0.874907716503,4.36208270854,0.715868590316
1.33761016179,1.07871242355,0.971080208588,3.66887431405,0.475017501056
1.92989409152,2.05075107215,0.881696035374,5.19389342388,2.19524318408
0.185103410647,2.28310493291,1.35856537018,4.7034740197,1.0141777933
1.14565204659,1.7937674688,0.366504396806,4.79699343771,1.45089610724
1.5459567482,0.852996969078,0.984666552869,3.54492077916,0.672509861674
0.79188564935,2.00890154042,1.51112244928,4.13860144264,0.544049313341
1.70640381012,0.668972467855,0.980464208476,3.4997599624,0.869635386999
1.78980759595,1.42315892689,0.467766128119,4.56293315606,1.72211737261
0.955171420572,1.54763561624,1.13683989513,3.9253581594,0.246820798248
1.82105639817,0.550140734894,0.967195899745,3.51062787703,1.03314523741
2.04747136784,1.00987136389,1.74340378071,2.85125101723,0.889192148125
0.946037339346,1.42321359762,0.744838382199,4.10065011041,0.594586512737
1.60613404209,0.778596155305,0.967111492225,3.53520817446,0.756767254851
1.0305842684,1.43569413468,1.06564453083,3.87336913912,0.26133501651
2.3815935855,0.0301329694602,1.42965996962,3.16581198933,1.5090529187
2.53497460732,1.74788392555,2.51906960282,2.3930930423,1.40314295672
2.90919809922,0.665630391088,2.09095536993,2.51868147111,1.87710833493
1.39489381059,1.84842219607,1.82168509968,3.57040716085,0.508156480589
0.457318820713,1.91765264396,1.03368418127,4.45535638198,0.768425280984
2.47514406812,1.58383161908,1.15205648704,4.6829346489,2.32244621209
0.271855402107,2.1633967906,1.06737098348,4.78719331437,1.10414538899
1.04538178656,1.43802385361,0.380612012364,4.32531355875,0.964085075768
1.12020313678,1.76879036091,0.348609023796,4.76229239439,1.40867063327
2.09554389577,1.21110722479,1.90927867894,2.7738965996,0.92462505337
1.01514834493,1.41057383382,0.984391630915,3.91524990813,0.340982124184
0.839980600064,1.8572298045,1.4003717875,4.04576182709,0.402202975224
0.746061764908,1.82185966393,1.27243516148,4.12247716219,0.434644056869
0.534332722887,1.90919472756,1.16145081846,4.33558340518,0.638441874373
6.25517207169,4.42041962333,5.79902381428,1.39188693458,5.08453228426
1.38892686784,2.31325462455,2.13327600125,3.86328904979,0.897537509881
0.184118017808,2.18876555502,1.2101070494,4.69652478989,0.999438340709
1.22882224044,1.14675514741,0.809368189817,3.83561417142,0.554627314565
1.33794373889,1.77347430804,1.72350285872,3.59126879554,0.409361358837
1.85118078705,1.44944021122,1.87937652425,3.02666541981,0.704134643747
4.24575182218,2.89053014603,4.0607516065,0.87354902117,3.09894147388
2.1359139164,0.419934572249,1.05458384436,3.56785955908,1.44065090426
6.18191634861,4.28493444643,5.6786560558,1.35034164176,5.01122807151
1.45640183269,1.01857400469,1.10571338501,3.52011350654,0.473968172391
1.28584281274,1.29595740678,1.23077720203,3.60401232396,0.190903707131
1.32151789111,1.10838053375,0.477521134541,4.03307211222,0.91149464597
1.21246718627,1.24959041443,0.383737376012,4.17012461902,0.944706084485
0.506937507538,1.95266620857,1.20003826282,4.36026927714,0.664010284671
1.04315505545,1.32738453001,0.683152060882,4.05635503534,0.636738047235
0.894671947275,1.49798384205,0.608548661872,4.25917459278,0.768781740504
2.19782820976,1.10650291346,1.92127159933,2.68491141992,1.03014725805
1.16351192719,1.811445828,1.62060368161,3.75679022599,0.353484645363
0.632580231258,2.24170477301,1.60428576054,4.38533393126,0.798979134126
1.59555504371,0.872010196715,1.13112423861,3.42452889599,0.615429717025
1.83701698393,1.96333997888,2.20089193589,3.22085364264,0.890213679163
2.29631365549,0.0742722164476,1.36264845009,3.20129089213,1.42606311531
1.31836723138,2.36008341172,2.11875349301,3.96036952282,0.91858548744
1.31994144706,1.894396774,1.80175543259,3.65624632403,0.504113365611
4.13926268895,2.18706341081,3.57000062751,1.02040967217,2.98035542803
1.68168751335,0.894963966953,1.28865703025,3.28704172398,0.616476212647
0.887543764514,1.59291268425,1.11248125046,3.99440912885,0.312187518856
1.47453370132,1.11889409703,1.26329914798,3.43911686538,0.379271154365
0.719040113804,2.50773364951,1.84674697042,4.54853450908,1.04804468293
1.03270734744,1.33810713086,0.680757479859,4.06687402042,0.640099546787
0.799414683565,2.08710713208,1.58614643573,4.17157801145,0.614776145611
1.41637335687,1.26287658898,1.34857606475,3.46404171216,0.265324726123
0.843713239291,2.08748844004,1.61727032724,4.13860959233,0.608131181803
2.66777970034,0.803664304433,2.06634547961,2.41052794952,1.55398406121
2.11150348659,0.574392585101,1.51493805059,2.96436096181,1.05468818115
2.14293056241,0.717176717105,0.919523669083,3.86299407902,1.61416056591
0.894155068521,1.47613417756,0.721880292713,4.16636281627,0.641237578611
0.0631084451632,2.4088520811,1.34518767069,4.9267014208,1.23002152722
0.582608173759,2.04258208254,0.80060489492,4.82711829711,1.21843975847
0.361945369124,2.32841268376,1.50833649795,4.62449283735,0.969865952186
1.21681632221,1.15320809601,0.691643456075,3.92154404047,0.66122415117
0.945223567957,1.53820074215,1.10696086896,3.94095411911,0.271461944772
0.499610073526,1.90043841729,1.08941782293,4.38573695483,0.692002038057
1.32258260979,2.84820448484,1.4185421574,5.80147151542,2.23740387412
1.21533646741,1.55890502329,1.4382164178,3.65408656958,0.119845919021
1.87607971716,0.672494393817,1.32346626495,3.17591433982,0.846540545433
1.14407016397,2.11361510651,1.84115425939,3.92141012823,0.647203430512
2.32003837436,0.229321967335,1.50795655798,3.00145501647,1.3549271224
0.900630712912,3.20126418671,1.96161450964,5.76276816842,2.07013887308
1.92089541813,0.7218458799,1.42036230302,3.09060148225,0.850790115229
2.03565028943,0.420106766466,1.30609266323,3.16920078911,1.07646109974
0.552822280559,1.87370315393,1.12176989566,4.32291209393,0.626887370063
3.16128958119,1.51651319185,1.83312695498,4.28519633315,2.72726426634
0.952204604785,1.42288732217,0.660141787485,4.15499341352,0.680914798921
2.67969281599,0.344876666575,1.64337177164,3.13476851268,1.83090284272
3.51077353191,1.28640206687,2.71738739645,2.02759650651,2.43206743837
0.652207268464,2.9846549292,1.98193125906,5.27157484061,1.6515954888
1.26721550741,1.14348006254,0.946582699971,3.73018868668,0.444678575855
0.472268277305,2.83781711851,1.7776084894,5.23432210058,1.56844810935
2.91719022055,1.60392041137,2.66305114615,1.95004300539,1.74841901638
0.981932120091,1.63382385056,1.28618336271,3.88501593921,0.193560055788
0.486832023528,1.9543840535,0.852360990275,4.65153492356,1.01003293241
2.36205630353,0.945243031185,1.06510515112,4.04514932904,1.91680475967
1.60755226234,1.66367414009,1.84436766624,3.30909385757,0.548584804688
1.25579152217,2.1002564599,1.90602253392,3.82215966972,0.664243449221
3.3590872621,1.38336025838,2.74914031283,1.7672177297,2.22041054065
1.12873905259,1.32103874355,1.02823098826,3.80074751151,0.296491342336
0.526795451605,2.86211657118,1.85873934963,5.18265951798,1.54381077857
0.811813073597,1.5836831717,0.945220411777,4.11888446065,0.479363488655
1.00136888974,1.49053743302,1.11301154292,3.88722272347,0.23304162943
1.75231118107,2.06230640671,0.789339902264,5.18895539997,2.07986838484
3.53356633604,2.28797526167,3.37446781094,1.42587510627,2.38489103772
0.760700091822,1.62648334451,0.933844191575,4.17438812755,0.528470476183
3.25852823323,2.41504371912,3.30220612005,1.90959715159,2.16627348817
0.631621439837,2.20028531891,1.56926021714,4.35872439373,0.76056161429
1.33794373889,1.77347430804,1.72350285872,3.59126879554,0.409361358837
1.41243397293,1.2097374299,0.229894071835,4.24569734351,1.19201193581
0.648722532121,2.99788731659,1.83254036891,5.49146216401,1.8062530216
0.82314075504,1.84377964424,0.544129146269,4.72094015725,1.21587931916
0.777072626842,1.95146403838,1.44459125738,4.12700200606,0.499232304965
1.55947700248,1.04496804019,0.387653574809,4.11084711598,1.21493392583
1.22528787919,2.06333778503,0.631644821392,5.08742499657,1.71176449607
1.17895859078,1.90613187087,1.70896078102,3.78144109053,0.453807506355
0.703704143163,1.66891734673,0.785459733485,4.33019811308,0.72263982501
0.310650259351,2.0821898735,1.0345677728,4.69024022825,1.00797494072
1.20818060925,1.54299876856,1.41584288834,3.65989119692,0.0971504839903
0.638372868568,2.66804376324,1.8898640537,4.78039246609,1.2391775852
1.16651059226,1.99660610446,1.76988031796,3.83577332545,0.538733692441
2.36964779581,1.29065190059,1.03270393666,4.39814784425,2.09802825976
0.571421721397,1.90822802217,0.765863606219,4.65175411007,1.03952173096
1.59215714579,0.89327577796,1.15557305034,3.41164605594,0.593403096905
1.92333986588,1.56085806591,0.63356560791,4.70883357065,1.91113128957
0.638933295817,1.8146291141,0.706712457498,4.56561541743,0.974319784273
0.801963937464,2.29610225704,0.922983595538,5.1688225867,1.58742377113
1.46596834063,1.09534814508,0.348359078779,4.12810820917,1.14143904068
1.57803546695,1.41862474338,1.63965400987,3.29139363313,0.422872274431
0.850707550347,1.63213930684,1.12437628209,4.02750388638,0.338500374848
0.920053183611,1.46554926614,0.620912508866,4.21964866772,0.738863764762
0.739431536582,1.63254334501,0.863456795095,4.23336962364,0.607098283902
1.72035494101,1.0832492422,0.432701631615,4.2047118048,1.43019172715
0.483511743542,1.93664519626,0.862255987585,4.61847571821,0.972658045279
3.22737480243,0.93663472152,2.3687750874,2.3745398416,2.19593460185
0.0937194190722,2.31455280619,1.33366188665,4.77931846763,1.0850998804
0.557613510057,2.38869889386,1.67087603928,4.54863089362,0.962321467746
1.26002406715,1.10981262732,0.755058660874,3.85066670856,0.623128052746
1.44740017581,1.114770423,1.2226101727,3.47455284911,0.374636604526
1.79686758365,0.572575560087,0.98983049988,3.48485049698,0.981218134285
1.81385629185,0.5839038235,0.878934080912,3.60913491043,1.09910561496
2.05117575998,0.344740706974,1.09339266263,3.43470260035,1.26503300444
2.06987637503,1.15096404418,1.85184526511,2.80476293564,0.899964790355
0.547561879522,2.7511465577,1.86584231797,4.96204892522,1.36819064148
0.736280877432,2.74172444878,1.98771205363,4.79631098156,1.29743895221
1.57822026503,0.976875574508,0.457122307073,4.03418547745,1.17196443581
1.12983451941,1.35217387947,1.0867191183,3.77930325892,0.23632790935
1.24814749916,1.25225867508,1.11771703557,3.66930165231,0.263456727104
0.579426128017,2.59375541633,1.30321739485,5.31958509682,1.64344397171
0.486832023528,1.9543840535,0.852360990275,4.65153492356,1.01003293241
4.08434414859,2.03896037642,3.4453370677,1.24069999591,2.93933566986
1.23028490267,1.16462090967,0.549237073924,4.01998259061,0.799589540809
0.969176391272,1.67926146946,1.3260609257,3.89923504239,0.222108180962
1.92911573482,0.525085584962,0.907523882138,3.62333129307,1.24412693455
0.929124124468,1.49947131569,1.00409023896,3.98554470651,0.356742424681
1.06834914563,1.30220023228,0.680183713756,4.03760972665,0.638852844569
1.76422290461,1.00020242919,1.47857361068,3.14741266916,0.627631038896
1.78408503299,1.41284147203,0.459884869429,4.55202244798,1.7108651911
1.28817545532,2.67627917807,1.24445940235,5.65243674376,2.12614041228
1.25213688203,1.30736859583,0.234168601484,4.2850129694,1.09069037734
2.01039522466,0.970761516647,0.716274529732,4.12007316078,1.63639461724
1.37767223644,1.47194382802,1.50787179106,3.49073172579,0.228694912565
0.153912811675,2.30422624627,1.36126609722,4.73498638851,1.04469451769
0.991571596357,1.41489689226,0.937904741692,3.95521326484,0.390996036494
0.171360307526,2.21245492984,1.24787569923,4.69820486341,1.00135521764
0.990349391123,1.51140953902,1.13020691932,3.89361911346,0.226978417431
2.05640088613,0.693650258754,1.5412436273,2.95674054288,0.968330247118
0.732588540368,1.92503911728,1.38062045897,4.15452819993,0.497608696415
0.551210572126,2.62365575077,1.34849924992,5.32548114736,1.64223614955
0.450202491969,2.09017211642,0.909492754949,4.81001624537,1.16321195772
2.10883198775,0.319128324846,1.1139948291,3.44360872841,1.3382258484
0.945549109604,1.4241240939,0.761791974879,4.09014238004,0.57746895674
0.524624188889,2.8392123529,1.65324347369,5.39056394236,1.69541095583
0.100895058967,2.3658924868,1.38941267854,4.80844215168,1.11802355695
0.731607190992,1.73616039699,1.13060251446,4.14272926945,0.447681981844
1.63157930384,0.739701446094,0.912950711589,3.57291143195,0.831964601423
2.12160266298,1.02546565877,1.81313914279,2.77458507443,0.960528681097
0.152012276589,2.48401537125,1.38546593363,5.01700435768,1.32021920611
1.47045774541,0.977474918602,1.06421521396,3.53361227537,0.523207719219
1.8272733153,0.856142672218,1.42640870002,3.13127671101,0.727385512655
2.2886947584,0.630387210595,1.08268758099,3.75349877185,1.70006745949
1.3679552181,1.47715513415,0.0706676729713,4.53363393588,1.3879031137
1.2946811416,1.57670642335,0.145280542886,4.61717937911,1.40198773251
3.87855942363,1.9260158616,2.57003449107,4.16985754523,3.31636634858
0.449578585982,2.44286499919,1.19164119064,5.1495110016,1.47411085531
1.06965436058,1.63196000426,1.37318410833,3.79958021062,0.147464507109
1.73145940914,0.651851952167,0.848805750126,3.62754618451,1.01251206214
1.6980382423,0.831141670286,0.60145031403,3.90725354886,1.19434484372
0.40533007657,2.00783596526,1.16728089996,4.46613441758,0.769001039938
0.749125755905,1.70427216414,1.09968733437,4.13101297596,0.440291611477
1.3908746361,0.980115462727,0.720801676401,3.80612931,0.74706912367
1.32901316823,1.14566841062,0.391052540485,4.10588499195,0.991203441839
0.793798161752,1.6552012167,1.07837602024,4.09208020987,0.408236691636
2.17162313024,0.22292056257,1.32202455548,3.18353464718,1.2640356746
1.10635527721,2.14282346879,1.8372520863,3.97001794429,0.668752176645
2.14293056241,0.717176717105,0.919523669083,3.86299407902,1.61416056591
0.698087666787,1.79988712178,1.18940789911,4.16975374916,0.472900128113
1.14338648226,3.04293255213,2.38507288975,4.85720022163,1.56279472426
2.48370182394,0.601759425676,1.2864290423,3.64781598473,1.84388041347
1.48042406141,1.00458058372,0.464127224897,4.01037020329,1.05403248214
0.823483780743,1.82658031958,1.35254080602,4.0530069563,0.388384714065
1.47769086539,3.84328543848,2.73566337322,6.10047015748,2.5224997157
0.996959825865,1.39334268325,0.578940282021,4.17723603825,0.753099935259
1.7901565381,1.67173024761,0.561992735189,4.81058351506,1.87574917052
1.35340842978,1.1020366926,1.05400827013,3.61534796358,0.413066869982
1.07209736849,1.53327683465,1.26395418771,3.79684752237,0.100411019358
0.408961785341,2.07815198231,0.934915184606,4.76936966093,1.11222871275
2.93760818227,1.73479388316,2.7481518555,1.94221172476,1.77583308886
1.22857169943,1.1530999679,0.602616939168,3.97945577599,0.749643125027
0.655782833975,1.97688826648,1.3725654229,4.23293459099,0.569726880304
0.805046571766,1.62154362521,1.02893658643,4.09466301986,0.425331977031
1.80142001219,0.590104714412,0.881867923038,3.60253245495,1.07902001256
0.721885141508,1.91275457912,1.35788133022,4.16010748295,0.494941784574
1.31704911935,1.90696468461,0.48628054979,4.95977523186,1.67059585979
1.71816989348,0.898777425895,1.33846390663,3.23972495698,0.634106185762
0.356957531491,2.0548945279,0.983175799024,4.69297794936,1.020174982
2.57948610878,0.2103982674,1.62157059488,3.03258787817,1.67855554533
0.546943936233,2.16721173927,1.48347098956,4.39769295484,0.759523432891
1.49919821352,3.770834627,2.47123351229,6.35915867583,2.66839603118
1.64214572489,0.819704143277,1.13806216872,3.39743195376,0.667350120294
1.0347760356,2.53014347094,2.05072214988,4.33835626946,1.04356999149
1.88533197207,2.25464959929,0.996380441345,5.38838706497,2.27804544755
0.851037930286,2.85075404802,2.11150549675,4.84538143301,1.39504770591
3.15453129674,0.786714723723,2.16701433933,2.74750913108,2.21398789168
1.49919821352,3.770834627,2.47123351229,6.35915867583,2.66839603118
2.33602912359,1.76089464915,1.06005627144,4.89248628118,2.31809018392
1.20405524129,1.29938360233,1.12083844929,3.70496412522,0.23056443221
0.973598077246,1.39927507662,0.797192197145,4.04310097601,0.533170056297
1.44439418681,1.07115718769,1.16231219602,3.50135182081,0.415827326127
3.70752581244,1.8485313895,3.18923438451,1.30099270182,2.54531322552
0.920522031664,1.58559133378,1.14768678672,3.95640006251,0.26899633474
2.13841788386,1.32548113611,2.0114827696,2.7289961263,0.971218108917
3.15622973447,3.03279750605,2.14907798108,6.13985366676,3.46807906145
6.61539553596,4.78033196491,6.16172200702,1.74949671831,5.44500745908
4.07788003492,2.85452714166,3.96245580969,1.12636663499,2.945828914
1.73550960414,2.57749770567,1.20050688646,5.67118157482,2.35588282166
1.17688886643,2.1679222633,1.90141664071,3.9304064825,0.706551182984
0.826171517597,3.05542825637,1.78126730948,5.68892534707,1.99185774244
1.69017785113,0.707938066403,0.778374125857,3.69819855038,1.02005713535
0.660507383324,2.6494279041,1.89392901438,4.74189928501,1.21262388821
1.34212740231,1.05483209156,0.919499443858,3.69549348675,0.526467417914
1.32838797882,2.58236739862,2.25990861033,4.15512557923,1.12207891294
1.72255541848,1.16620684635,1.57055252285,3.15458589686,0.55609563313
1.75490971712,1.84764220002,0.639260175372,4.98041425865,1.95543372125
0.144747193687,2.31448854666,1.21952659884,4.89158748197,1.1966799264
0.61464261416,1.98177638485,1.34334111778,4.26783222129,0.594761090994
4.36760239077,2.28937818319,3.07510849525,4.13098603791,3.73617190601
0.319111881615,2.05064999446,1.09327599808,4.59255461013,0.900163571685
5.34173440099,3.46024581142,4.8424893562,0.592374365214,4.17155496409
1.57396885798,0.878409601771,1.10095021603,3.4542868921,0.612276470327
0.417327006795,2.21809972798,1.44455201817,4.51503512937,0.85371601797
0.769373119921,1.80128069768,1.27009772886,4.09873450467,0.410222108836
0.440255265117,1.95881891576,1.11843981936,4.4402680152,0.74453301472
1.13017276976,1.38819343849,1.1440603021,3.76256183819,0.176852115236
2.36348623407,2.46721589021,1.38697516544,5.61599131894,2.70045226381
0.937786680122,1.5988137867,0.410198519065,4.47943382036,1.04674245956
1.50933624987,1.06801276195,1.25072386,3.41778334109,0.428540472571
0.483511743542,1.93664519626,0.862255987585,4.61847571821,0.972658045279
0.542158433067,2.79288506949,1.56803224451,5.40209671458,1.70509541264
0.762227194524,2.66386824038,1.96395408936,4.6831877483,1.20619144708
0.330631535887,2.05535634241,1.02225190014,4.66053701103,0.979183545594
1.04376233075,1.34898055662,0.888204180517,3.93333799444,0.431313623519
0.504648544471,2.10292391506,1.38938355532,4.39609409937,0.728903364968
1.30822599438,1.23035970605,1.17645199476,3.60042704439,0.260320942933
0.902133258404,1.49579288928,0.928673997274,4.04020200414,0.435415947509
0.914132881892,1.4781250384,0.60131624668,4.24374151788,0.765052966834
1.08531505864,1.71042025675,1.46643891165,3.79677408285,0.225749960907
1.32011599425,1.72139893405,1.66890761926,3.59005922996,0.352527065925
0.292628883301,2.07784528213,1.08600148673,4.63908665766,0.948362883425
1.37264352101,1.00248803441,0.835078422005,3.73180065168,0.629019737252
4.62013564647,2.93259039591,4.24198050189,0.24734037191,3.45056168792
1.75311572832,2.42110742405,2.42469643627,3.63144373154,1.12957539529
1.85486083361,0.545798709288,0.90850266425,3.58637470594,1.13166964697
0.677072619945,2.2628827595,1.64940854425,4.36953408978,0.808363264638
0.84595136587,3.20815953005,2.05206920775,5.64915151438,1.98068388503
1.55947700248,1.04496804019,0.387653574809,4.11084711598,1.21493392583
1.02540261186,2.38050662478,1.95010583583,4.20979832967,0.894804964697
1.96014385599,1.74358043808,2.14608412539,2.9961287149,0.890908376786
0.47986854526,1.93765588284,1.1379014228,4.39445220672,0.697739904089
0.659517163282,1.75646745462,0.714722511064,4.48467393087,0.892262112688
1.09711656042,1.44654017457,0.290645944461,4.37595558065,1.05447551665
0.619909608535,1.74934696553,0.874907716503,4.36208270854,0.715868590316
0.627875832254,1.79112959192,1.07401019239,4.25755049371,0.566669216294
0.854080859848,2.5177209377,1.93398947866,4.46151147454,1.03912096042
0.948194207296,1.42414307076,0.797474151435,4.06580292987,0.540617322351
1.41444993967,1.1073625052,1.16589248386,3.52144069104,0.3798588755
1.4509667933,1.36949863404,1.48516423669,3.41630060252,0.281311432444
0.720989986332,1.65531997052,0.755373068181,4.33514084573,0.740628963319
0.829724033633,1.83084673378,0.533613634425,4.70921059125,1.20819439658
0.118163575879,2.47987670884,1.45327603931,4.93757321641,1.24765115212
1.13152814962,2.8984466953,1.49334634117,5.77042368563,2.14200288061
0.97010092547,1.53381863847,1.13636676804,3.91135886224,0.236366912952
2.23983867324,0.384810330476,1.14323475531,3.52986652832,1.53283805847
0.634440316548,2.18955871893,1.5619701636,4.35004582864,0.749907113182
2.28369406326,0.895380912976,0.99731309736,4.01516586259,1.82954014831
1.44946949453,0.919775013409,0.78116270205,3.73548081249,0.746063910208
1.88053685818,0.678368630626,1.33470876688,3.16609805117,0.845693767001
0.536519694207,2.71750066187,1.46917240412,5.36979249324,1.67622386417
0.777722878913,1.69329845591,1.12273382443,4.09871538035,0.405838856468
0.629346354797,2.79954147926,1.94118688576,4.96152663071,1.39686453686
0.834271532551,3.19561918073,2.12937626011,5.51548599083,1.88897405839
2.04031013985,1.67252094642,2.15640734032,2.89023386889,0.9387834036
1.26618428969,1.13168133114,0.909718806967,3.75093895347,0.479577458165
1.0924130984,1.31636715249,0.935009350124,3.87032090465,0.385461213341
0.751045000733,1.79079367051,1.23692936158,4.11595241995,0.422346209818
2.29971499104,1.79591600876,2.3998112351,2.66701683142,1.20317351657
0.95503721168,3.24640854876,1.99512009619,5.81856282002,2.12517506638
2.86722806973,1.49694966881,2.57455975413,2.00176284724,1.69649663112
0.27086544924,2.23555520361,1.36418191098,4.62230301493,0.937422292418
0.379857203367,2.74343459266,1.63544916598,5.22071687129,1.53342059317
2.40138676877,0.255301813197,1.590169839,2.92851117831,1.42206971117
1.63748597876,1.39700536078,1.67312185334,3.23154309522,0.479250195653
2.27349155964,0.449001101574,1.14118511849,3.584081638,1.59717155184
0.841551697158,1.93291344935,1.47754897014,4.06844943542,0.464020661405
1.26498062459,1.23999649268,1.12561736736,3.65280431702,0.268866920727
0.411682672849,2.77856904022,1.67718599183,5.23951309551,1.55602212382
1.0115882911,1.39771702735,0.943238396945,3.93532265241,0.381224515937
2.26935647513,0.467179249454,1.12981270401,3.6022326368,1.60223554376
1.16858265621,1.35338297923,1.14845369541,3.7274204433,0.183524421091
0.291579917533,2.61078719291,1.46979935121,5.15810530338,1.46148192773
0.551210572126,2.62365575077,1.34849924992,5.32548114736,1.64223614955
0.834508014851,2.55628719492,1.94583057164,4.51412342314,1.08118452665
0.954636618544,1.49211333295,1.03832720194,3.95074056191,0.315493657711
2.36561044206,1.82999900253,2.46104999384,2.61085845718,1.26967576009
0.127329173075,2.24218568171,1.23673380816,4.75605338678,1.05891901109
1.79609657706,0.73242260634,0.701653325759,3.82885977851,1.23981673283
0.314737224606,2.19582124149,1.35085631949,4.57350489807,0.888891146546
1.63752263275,1.12263425487,1.45214196176,3.25246154514,0.486285582849
0.542158433067,2.79288506949,1.56803224451,5.40209671458,1.70509541264
0.161552346795,2.5271727318,1.45606664183,5.01879814581,1.32542966195
2.54238393153,0.177136206296,1.60245664918,3.02497738353,1.6328566841
1.25881561574,2.61616100621,1.18443674695,5.59371232646,2.07479308731
1.64435367459,1.06709378434,0.393714676452,4.16779047536,1.33615521669
0.683450163937,1.90582903236,1.31538357535,4.19138041529,0.513041969879
2.21661543866,1.66931872803,2.27195769003,2.70812022477,1.09772728378
2.80110825888,0.510123315601,1.94109045691,2.68147909661,1.80347420378
1.83472113994,2.89649144581,1.49972518467,5.97415210731,2.58276906698
1.26721550741,1.14348006254,0.946582699971,3.73018868668,0.444678575855
1.62200169767,1.03874897873,0.404667349201,4.12831910688,1.28654635359
1.81507883806,0.554151286931,0.991103545539,3.48447765229,1.00503592966
0.0718559372098,2.32443841608,1.33061979239,4.79863884229,1.10372959413
0.582381353421,1.94964495066,0.761198098361,4.71552491441,1.10933709854
1.39129010904,1.45981976809,1.50957951201,3.47675192501,0.238543168143
0.651593698746,3.01389954842,1.87374996368,5.47116379679,1.79396456677
1.08738161277,1.51939335596,1.26446477899,3.78198715774,0.0867688179074
0.948543810678,1.44996304049,0.56977216716,4.2349998641,0.782976287198
0.672059129743,1.70359112956,0.787573191552,4.36955950771,0.75601136584
4.47068665379,3.05344376836,4.25697237413,0.69261482339,3.31994122557
3.20013866761,1.04907750453,1.98480964019,3.51507476186,2.49400962583
2.36431966913,2.2208176522,2.68306630394,2.84884093936,1.39871704869
0.519431480082,1.95447758789,0.817867746656,4.6786081092,1.04955552363
1.05436337836,1.87772364636,1.59268521555,3.87348958383,0.394908608456
1.28689977916,2.68186945788,2.29182657636,4.29220057362,1.20788281771
0.524455372887,2.22367435235,1.51962433769,4.44679609106,0.816035214956
1.63574808203,2.40323787822,1.02371644537,5.49413339162,2.19643159967
3.00992800182,1.0213218243,2.37158038964,2.13057618857,1.89125005285
0.828266847401,1.5826337393,0.984632887951,4.08731856002,0.4370577421
0.468186881696,1.97221796666,1.18565483365,4.3999872552,0.703103715292
0.627958807506,2.6464988043,1.87232664559,4.76242243738,1.21780503645
0.819790179664,1.7044010831,1.1952761218,4.04878570916,0.351647278158
4.28046942312,2.21034096153,3.62496445809,1.16992697892,3.1366987216
1.0374124006,1.47206114118,0.355937184729,4.3703491891,1.00459908606
1.26999861685,1.10348623571,0.799880052884,3.81480805646,0.586747251979
1.2485799181,1.41623268055,1.32575927018,3.62177571934,0.0836416855842
3.26851101146,0.992101215482,2.42465009613,2.31210506244,2.22646413748
0.929124124468,1.49947131569,1.00409023896,3.98554470651,0.356742424681
1.1269951952,1.40570772264,1.16503185524,3.76036755838,0.154721239974
1.29913590966,1.08449742385,0.862778346954,3.75675712496,0.546557937787
2.04163781766,0.352509203378,1.08711060297,3.43796396654,1.25567312421
0.702629901734,1.68589924907,0.9612444139,4.22105851924,0.55851609985
0.145192515161,2.48408476253,1.39086976445,5.01137713088,1.3148104706
3.20946231015,1.01251197722,2.4356480004,2.1983240009,2.13535716343
1.0467253713,1.39801408351,1.02267305892,3.8732228522,0.298526091685
0.760195929574,2.42498535435,1.81766782027,4.44229418156,0.955589447834
3.56145448701,2.51490104615,3.51651060782,1.56893595588,2.44308701396
1.12650507635,1.72856853764,1.51861436326,3.76416284358,0.254328935101
1.00840245122,1.75823776685,0.384096853665,4.70837002616,1.30063307275
1.34953284477,1.46092365299,0.0396117161204,4.51003745108,1.35622443032
0.33463348081,2.66479752133,1.52229442201,5.20114905433,1.50552698857
0.631176923471,2.01745544545,0.757118817381,4.82349006354,1.2315465271
1.04445726172,2.29552604807,1.90488234073,4.12655496637,0.811823553662
1.44879392021,1.25023339611,1.37140174168,3.431039874,0.294062894919
1.40507183237,1.17356749931,1.23675149528,3.50255295801,0.316189332469
0.291643905697,2.25691484301,1.40041276273,4.620072482,0.941309681615
0.430598238033,2.7951632756,1.74120940065,5.19501733269,1.52681229707
0.748911072747,1.70005885281,1.0914716438,4.132941682,0.443539354413
1.1794681933,1.48224651325,0.162369222057,4.46672126933,1.19819822455
1.33761016179,1.07871242355,0.971080208588,3.66887431405,0.475017501056
2.57877782358,0.993683623419,1.28103112898,4.01382110135,2.10040302412
0.098983889148,2.406637959,1.41805532023,4.84782769455,1.1586523261
0.764563452276,1.94118824075,1.4241515435,4.13346897099,0.495658241578
2.68167163543,0.901521121343,2.13006846883,2.34447144258,1.55065269945
0.612601592311,1.81483879857,1.09810500007,4.26719232951,0.573297227001
1.57396885798,0.878409601771,1.10095021603,3.4542868921,0.612276470327
1.24415199223,1.31299837463,0.236655430164,4.28770878278,1.08656027798
2.21709439054,1.98461598777,2.45744644977,2.84913328894,1.1932364223
1.92089541813,0.7218458799,1.42036230302,3.09060148225,0.850790115229
1.1801185136,1.36804501819,0.253364244302,4.32222353109,1.06687661702
1.22754400196,1.14256477036,0.691518095165,3.91479009334,0.66616629314
0.753314948411,1.95549752306,1.42964277592,4.14746223912,0.511083043323
1.72917029548,0.655984292982,1.02948466098,3.45250044961,0.859738544016
0.864461196493,1.5576195868,0.562077939816,4.34868121668,0.855781158532
0.381266111311,2.09239426205,1.27608764745,4.48908638398,0.797430963674
1.46805554962,0.902312361933,0.825236284313,3.69427417433,0.725483605842
1.58721615668,2.03747095156,2.08351220547,3.49714589685,0.768414864695
1.1271126795,1.43823536402,0.255413301788,4.38365743008,1.08427884579
1.59423353759,1.16857043386,1.44810315532,3.28937563874,0.437441066198
0.66275070922,2.21639411236,1.60298313947,4.34750282065,0.7672031935
3.12144908988,1.65413129442,1.78454627018,4.49750279415,2.77307086994
2.46524973494,0.449468261542,1.74097265387,2.75262049029,1.42502073734
0.916727669728,1.50216343847,0.538557369788,4.30436191151,0.841740773016
0.561520843895,2.04299018489,0.813816850611,4.81658073425,1.20159587713
1.58615083987,1.36024660727,1.60067724172,3.28089701278,0.420198151587
2.3815935855,0.0301329694602,1.42965996962,3.16581198933,1.5090529187
1.78738657963,0.775073047573,0.663098983747,3.87814885067,1.26579694527
1.30826136768,1.09894877577,0.9429764747,3.70388104917,0.477665234102
0.528429432486,2.53604238322,1.25877087607,5.25537966988,1.57964716793
1.18756743555,1.70995840897,1.55287203972,3.70521716996,0.259416794559
0.648722532121,2.99788731659,1.83254036891,5.49146216401,1.8062530216
1.0125398197,1.63704251472,0.327214005441,4.57119466747,1.18135097175
0.606324684121,1.87230900029,1.19065863713,4.26118355358,0.564599190314
0.404316475686,2.76311156006,1.64188685505,5.25150359347,1.56276931896
2.06656569472,2.75022137596,1.44051069209,5.87726369567,2.65533212655
1.56534754505,2.3328322474,2.2558276409,3.72662254066,0.979430480259
0.743032439794,2.38321810487,1.77876113367,4.41803780564,0.915694758973
1.0542608763,2.10301083612,0.679291827933,5.07538253784,1.61865349292
2.08760950722,0.363710362451,1.07184954765,3.49234489202,1.34259132268
0.470117058998,2.1347896727,1.39751952671,4.43528070975,0.767720544351
0.953193340207,1.73925688616,1.37679526926,3.9212613186,0.269639081498
0.641823870431,2.13550746938,1.51940773449,4.31315453936,0.699226084203
0.500627727997,1.94848737772,0.837746082585,4.65445186544,1.01763326442
1.22521209874,1.14930266719,0.644516988569,3.95012593574,0.709193700792
1.33642730935,1.04161038574,0.843241272933,3.7465302779,0.592321342471
1.67396908133,0.695272258241,0.903510936111,3.57421973553,0.891981894503
0.508687643392,1.94586591368,0.829235504758,4.65729071713,1.0233356915
1.58326949976,0.868528962822,0.595125659348,3.88121057534,1.05092450344
2.96473698247,0.605244301778,2.01569739564,2.75775565926,2.01180463477
0.789123914477,1.74220788404,1.2127638098,4.07822817617,0.381889080398
0.516504676666,2.71887248536,1.48100184973,5.35788510578,1.66298245305
1.61817541318,1.04986959369,0.394797140321,4.13980648076,1.29163860033
0.309176480494,2.07504001142,1.1588185467,4.57067966857,0.873971548996
1.21032828495,1.18162143119,0.884050344245,3.80460052914,0.472740938506
0.990349391123,1.51140953902,1.13020691932,3.89361911346,0.226978417431
2.57948610878,0.2103982674,1.62157059488,3.03258787817,1.67855554533
0.576951311009,1.84255645093,1.09676480213,4.30367510769,0.609573203279
1.348896551,1.03659322847,0.880763311855,3.71515436864,0.56768692622
1.80411623512,1.08952897701,1.58700382931,3.08277731104,0.643824939155
1.03626138237,1.38206481698,0.492040775416,4.21647682286,0.836448139597
1.06455367376,1.31075440802,0.804136275974,3.96149200961,0.514961282062
0.837057103096,1.61130771337,1.06575010367,4.05345059456,0.377682133947
2.21491620752,0.57957278248,1.61572205363,2.86078556526,1.14313647152
0.957944379942,1.49293190132,1.04599341719,3.94533294392,0.307631879586
0.260134966688,2.62934313596,1.56457584011,5.08580956921,1.39962232704
0.360535717803,2.25143591617,1.43939386277,4.57227828646,0.905000715964
1.78801579901,0.834120139743,1.36235924234,3.1878351333,0.709755076879
0.626154029429,1.79171897531,1.07222194954,4.25976697682,0.569088845727
2.25432417203,0.372012548578,1.52754581202,2.95429978952,1.24623397156
1.03849025435,1.33122017697,0.698966783665,4.04937381712,0.621136672885
0.942270963216,1.43919496664,0.856949736789,4.03797611687,0.484223659071
1.1150028038,1.45424358419,0.258966595194,4.39753015443,1.08846547044
1.6514910099,0.806485085631,0.642695396767,3.84060950601,1.09225326429
1.52942909705,1.15450370638,1.36595787303,3.36362122279,0.390322776302
1.59215714579,0.89327577796,1.15557305034,3.41164605594,0.593403096905
1.2952713767,1.37232066742,1.32949011506,3.5773209581,0.134672419432
2.3348588162,0.0698583233445,1.37235962544,3.21908116858,1.480340442
0.15629819641,2.34740714069,1.2374350803,4.92989854054,1.23493179894
0.325154358976,2.37759407654,1.52585180807,4.68672791163,1.03008545019
0.130064383526,2.24244492585,1.24859649099,4.74515103341,1.04806341992
0.545246014246,2.31272512756,1.02705803216,5.08150343115,1.43682820448
0.399859505609,2.02403707663,1.19016152018,4.46876967115,0.771815587494
2.4145089044,1.53249135511,1.08833581296,4.64141445198,2.25421734986
1.67396908133,0.695272258241,0.903510936111,3.57421973553,0.891981894503
1.78095515552,0.776645868173,1.29882684937,3.22985950861,0.736836624078
3.13328125444,0.960489627751,2.37631366904,2.22402465321,2.05542560336
0.699801070085,1.72629583909,1.0617584161,4.18856288905,0.501964698503
0.438109798245,2.72178263724,1.53127933048,5.30235941448,1.60525522203
0.770904726261,1.62435679383,0.957843545004,4.15369409502,0.501603026043
1.22882224044,1.14675514741,0.809368189817,3.83561417142,0.554627314565
0.416535160425,2.35909828192,1.1237684546,5.06573691581,1.39438308847
0.182337152948,2.26384948726,1.33470115533,4.69609144571,1.00452490202
1.72660919135,1.004664194,1.44326031237,3.18738719584,0.595375417705
1.41637335687,1.26287658898,1.34857606475,3.46404171216,0.265324726123
0.929787651,2.50378665974,1.10534224338,5.39352069223,1.80416061127
0.634440316548,2.18955871893,1.5619701636,4.35004582864,0.749907113182
2.17069926393,1.4555930965,2.11329893206,2.70706631943,1.01570599737
0.30908719885,2.10382694199,1.02893227318,4.72812180345,1.04840395244
1.12730121854,1.43994822665,1.21218112477,3.75071233968,0.106876009902
0.911714643393,1.69100990355,0.426519602996,4.58395326082,1.13351241883
2.05180684245,0.430585607318,1.33911336204,3.13571439057,1.07709099781
1.47997210156,0.923335623951,0.620891775231,3.86142732002,0.916149643123
1.20677295537,1.30932104424,0.293685893993,4.25789877232,1.02710249377
3.06954728176,1.82186549701,1.73785113596,4.74088255023,2.82511964511
0.127496114862,2.39346988762,1.42550174235,4.81781427617,1.13111844388
2.34396449206,0.221425466089,1.52532009397,2.98938791136,1.37906725119
1.62462772977,0.937263904668,1.25801172114,3.33693526891,0.563968422758
1.63388145478,1.58571016367,1.80876482647,3.26336032283,0.535945422319
1.3593632496,1.44213929338,1.46389635143,3.507663484,0.197628840677
2.01352238871,1.07653279357,0.694451765158,4.22573781752,1.70120352929
1.01514834493,1.41057383382,0.984391630915,3.91524990813,0.340982124184
1.86897427156,0.65203266212,1.29411358783,3.20045221919,0.855230060939
0.98112067739,2.20180390789,1.79814109216,4.10635986292,0.715544597419
1.15068326282,1.22172309141,0.65575632126,3.99183878355,0.673039038909
0.2608956366,2.54843597476,1.40074144947,5.11817747312,1.42106346116
1.08547354526,1.48308041361,1.21636300534,3.78921300245,0.114275659692
1.01514834493,1.41057383382,0.984391630915,3.91524990813,0.340982124184
1.91995129484,0.926002375387,1.57415297727,3.00393914514,0.783166924582
0.855265294615,1.6935329734,0.482786733566,4.55350747414,1.07167713955
0.915733619806,2.10399207617,1.68017649119,4.09360656204,0.618117065003
0.948992290914,1.73995373055,0.410302754638,4.66155365071,1.22647623908
1.54810613913,0.947469449533,1.15743293381,3.43579086238,0.539211087115
0.405735720748,2.72493881507,1.56140360595,5.27250201064,1.57664930393
1.58721615668,2.03747095156,2.08351220547,3.49714589685,0.768414864695
8.02140947774,6.22233968471,7.60246467088,3.16136261913,6.8539864913
0.352038036328,2.02514369424,1.01687471453,4.62055243326,0.938815345615
1.10626480297,2.70794332958,2.19708723378,4.46744785093,1.22132164818
0.644398561172,1.79364683614,1.10655865867,4.23346425235,0.539164029897
0.113354980591,2.32744685667,1.3605693236,4.77370942639,1.0818509043
1.23254774008,1.14722886234,0.834495622184,3.81768791633,0.532343980931
1.95071650865,0.534956340716,0.899975049201,3.64906612202,1.28549379996
2.17069926393,1.4555930965,2.11329893206,2.70706631943,1.01570599737
1.56830461334,1.71137833331,1.84916736358,3.36088841077,0.540886403652
1.19535539242,1.68175650312,1.53442174984,3.69156370712,0.234198487586
0.807390718099,1.58233978422,0.660536221376,4.3155241739,0.774303445761
1.65311857533,0.764705495608,1.06930945508,3.44108838917,0.732526619687
1.46081324245,0.935904839798,0.628593068444,3.85861874591,0.890838789881
1.4113220338,1.02676395326,0.501747630534,3.98327060245,0.957002077728
1.02982216204,1.339815989,0.701987487736,4.0546566114,0.618903404314
1.38191109643,1.00911298984,0.608725641503,3.89945652941,0.839302349663
2.45773937493,0.295243048562,1.38089360641,3.35691595924,1.68361911262
2.13841788386,1.32548113611,2.0114827696,2.7289961263,0.971218108917
2.29127686802,0.632928577033,1.71183512615,2.76501248464,1.20059812202
0.780667415638,2.02568937227,1.51828355528,4.15484296577,0.561935994102
2.00424174305,0.374799733645,1.18145588636,3.30257774289,1.12205557355
2.41956148874,0.697546439426,1.18870113449,3.77522230788,1.84003158883
2.41226964321,1.17604571065,2.11351509356,2.46844227825,1.2429860315
2.64181354946,0.344977346353,1.58247700163,3.21059783477,1.81991065478
1.38892686784,2.31325462455,2.13327600125,3.86328904979,0.897537509881
3.10595052034,2.34001835812,3.17792771087,2.05019600995,2.02202793669
0.402427620931,1.98309081588,1.10492144938,4.48567092821,0.791054623895
0.979600253521,2.38884914059,1.92738048563,4.25145702229,0.902176135227
0.503085039137,2.51241766597,1.24309709333,5.22655947217,1.55031821058
1.24241046107,1.13520542826,0.823796067116,3.8175669406,0.54796932753
0.691942079515,1.71089321635,1.00904288349,4.21288090293,0.536904663351
3.15622973447,3.03279750605,2.14907798108,6.13985366676,3.46807906145
0.878154305151,2.44127675872,1.89985800907,4.37235591568,0.958788293509
0.534332722887,1.90919472756,1.16145081846,4.33558340518,0.638441874373
1.95135919768,2.02227460079,0.877515969261,5.16719945912,2.19410039485
0.695222746382,1.69330805005,0.964304201326,4.22733374474,0.563160035839
7.03694969882,5.12567188309,6.52757465522,2.18813023934,5.86609899671
1.04376233075,1.34898055662,0.888204180517,3.93333799444,0.431313623519
1.0558211046,1.31436245632,0.753879836522,3.99903143619,0.565182074144
1.76299084459,1.69560299906,1.97890862645,3.17163494662,0.700257220492
0.769515702676,3.06175475209,1.82883184464,5.63544969228,1.94036787848
1.20745001079,1.23075417993,0.431122731732,4.13167506144,0.899814282328
1.22648132941,1.23678088199,1.05506562499,3.71029054409,0.311245524679
1.08429974048,2.6828837674,1.26855665742,5.5919688468,2.00259722775
1.10170766846,1.33250427842,0.996818384715,3.83578697968,0.323934005988
0.926597480259,1.44628295665,0.807357695052,4.07982250108,0.538869261552
1.01514834493,1.41057383382,0.984391630915,3.91524990813,0.340982124184
1.81507883806,0.554151286931,0.991103545539,3.48447765229,1.00503592966
0.283125367132,2.09171694073,1.14712845461,4.60581981084,0.909824322817
1.08547354526,1.48308041361,1.21636300534,3.78921300245,0.114275659692
2.47609944103,1.02985729321,1.16680034708,4.0953127303,2.04453319294
2.10284584468,0.686536199078,1.58086809671,2.91285568714,1.01085430498
1.82792233928,1.11918678055,1.63050496817,3.05290139697,0.662736587341
1.95380420781,1.42931771731,1.94258749777,2.92210771586,0.801055793253
1.60755226234,1.66367414009,1.84436766624,3.30909385757,0.548584804688
0.34268716959,2.26925530164,1.4448174162,4.5949341011,0.927107196443
0.488289505373,1.97482433046,1.21352604541,4.37866690427,0.683068293735
2.95198295275,0.90768254242,1.72170478231,3.62622829392,2.29383873313
0.802715379512,1.78615848291,0.539022905704,4.64111917539,1.13027021261
1.26398722819,2.64470448584,2.25691394005,4.27180775479,1.17021712242
1.37698705375,1.05173966468,1.00632056293,3.62388399135,0.477941288716
8.02140947774,6.22233968471,7.60246467088,3.16136261913,6.8539864913
1.01805980633,3.34254161659,2.11475346351,5.86513952715,2.18021852085
1.36431315679,2.00241420649,1.91045731178,3.67300789632,0.620122126369
0.767526486371,1.68120886657,0.599536765207,4.46698735262,0.930193961721
0.133657474004,2.23986158569,1.24912364415,4.74051254927,1.04344722651
0.569309679502,2.72785626204,1.87256267105,4.91066281876,1.33067843496
2.28769466488,0.923953677026,1.87914366251,2.64417637746,1.13893155986
0.194497140407,2.25278870076,1.33013768238,4.68291398115,0.991345136683
1.90013965182,0.470333077479,1.07382952368,3.40490901636,1.05672926493
1.03292718722,1.78148925369,0.388914133699,4.74357381975,1.34416375243
1.25390096095,1.15493096346,0.510624219725,4.03769809266,0.845113019082
0.887543764514,1.59291268425,1.11248125046,3.99440912885,0.312187518856
1.3180187119,1.42700907136,0.0254799011758,4.46118442578,1.29409003168
1.19562189057,1.37902743289,1.21997124301,3.68659208736,0.121990392439
2.62286819881,0.352618399364,1.77296675844,2.80269565712,1.63818769065
1.98092153603,0.572517308025,1.36857258534,3.11314523545,0.960146481124
2.78497137571,1.6809401318,1.45581885855,4.69825174936,2.57716490645
2.27635146163,0.64516893975,1.06584758167,3.77092594916,1.69673257606
0.068704371667,2.42891170838,1.37031356187,4.93557588428,1.23962237674
1.20570109172,1.58925360443,1.45840780587,3.66628161477,0.143635145609
2.45342063594,0.423291303994,1.71846434532,2.77742938096,1.4205368524
2.41232018598,0.799858756694,1.15142723728,3.88128097805,1.88384454233
1.48650632649,0.953385128102,0.544401942216,3.93167306732,0.989673289792
3.28800331398,1.13254053942,2.54851952366,2.0666093009,2.1951701736
0.538144466975,1.91679390967,1.17929169732,4.33009288393,0.633146545738
0.157649798302,2.51703281384,1.43678235518,5.02136648912,1.32661314118
1.36128289251,2.24275902341,2.07061281462,3.83216023777,0.82707372255
0.64712836568,1.93473616938,1.31674348229,4.22880887888,0.550125394147
8.89135420929,7.15320938327,8.52123437066,4.05767178858,7.72962887078
1.95951835589,2.68999147647,2.70177554714,3.69627999492,1.41331270374
1.50234904852,0.86690953756,0.803023288543,3.69932390968,0.779671762459
2.17469085644,0.800881465728,1.71651345893,2.79277105135,1.0487451757
2.75508363881,3.00165797951,3.33479399325,3.20549101238,2.01615245803
3.81513361321,2.47670900685,3.61992383573,1.15232499402,2.66245132497
1.67396908133,0.695272258241,0.903510936111,3.57421973553,0.891981894503
3.89331557476,1.91912497886,3.30263471394,1.26633059596,2.74069877109
3.48975433985,1.29173361568,2.27444413303,3.48105335207,2.76006012564
1.36431315679,2.00241420649,1.91045731178,3.67300789632,0.620122126369
0.765746837329,2.6352106418,1.28647978214,5.43253310476,1.77999943829
1.40224795064,1.02857711773,0.512068569297,3.97621487327,0.940429809916
2.23482549826,0.763507392301,0.986720983953,3.89522261495,1.72098502158
1.16552900505,1.57561600557,1.40747880166,3.70326553057,0.101919556775
1.25230799105,1.1170045982,0.717438228134,3.88122691542,0.65419406373
0.429772742895,2.7626257259,1.60597630635,5.29372716104,1.59955442119
1.07209736849,1.53327683465,1.26395418771,3.79684752237,0.100411019358
0.417327006795,2.21809972798,1.44455201817,4.51503512937,0.85371601797
0.777341143477,1.68804567335,1.11305357568,4.10080281079,0.409294920708
2.75317797816,0.866032398973,1.50116475707,3.76123707358,2.15556741065
2.22666525364,1.38245980429,0.892404553399,4.51696363717,2.04062120574
0.152012276589,2.48401537125,1.38546593363,5.01700435768,1.32021920611
0.919014313589,2.11060660118,1.68765889723,4.09501188332,0.624570036797
1.27802063282,1.15374322663,0.459043280349,4.06826175848,0.902940963058
1.13407366839,1.23572793653,0.690758198415,3.97939661191,0.635366912068
1.57822026503,0.976875574508,0.457122307073,4.03418547745,1.17196443581
2.93186511204,0.562666610005,1.93791364132,2.88636947216,2.01657868646
1.52648392767,1.00070921819,0.442663237497,4.03656073867,1.12283334027
0.430598238033,2.7951632756,1.74120940065,5.19501733269,1.52681229707
0.828266847401,1.5826337393,0.984632887951,4.08731856002,0.4370577421
1.30885953874,1.65794836421,1.60818146217,3.58317172599,0.289463774128
0.758966593189,1.72249448314,1.14545939877,4.11366611065,0.417896491805
2.8487295775,0.670466000092,1.68600214304,3.40235027497,2.10951835982
0.290388817619,2.11143498913,1.04936493914,4.72197382549,1.0386700034
0.464267736044,2.07045488287,1.32051059738,4.41518936346,0.73194601806
2.19140452141,0.288044248325,1.16411230655,3.43492093919,1.4279751444
0.97010092547,1.53381863847,1.13636676804,3.91135886224,0.236366912952
1.39383984568,1.26852198437,0.167636416495,4.30828573761,1.22820758929
2.30830537842,1.63474843916,2.31138360864,2.60179722216,1.17472054706
1.5016742102,2.10358293821,2.07041731248,3.61466365259,0.770541854796
0.974517740118,1.39478745558,0.742525839064,4.07613474457,0.588076554173
0.724651967221,1.6491535771,0.766263382441,4.32063935962,0.723423475302
0.730838295062,1.63871109101,0.804294876848,4.28246341981,0.674171652103
1.11723930793,1.25928791923,0.62410500777,4.03944581162,0.697603007673
1.57719112852,1.09591772882,1.36270172271,3.32654250109,0.448694934739
0.925881300096,1.71584382799,0.418973563586,4.62187480345,1.17728463859
2.57742079318,0.208736091404,1.62315270315,3.02696215672,1.67389994383
