1.9518492898542772
2.5312917374141253
-0.8404528618762872
1.5362384724284965
0.5703912227709942
2.3476002054233556
0.3332205462490716
-1.6791996660018116
0.11084830759124092
-1.0850121974667555
-0.952482541328157
-0.1312732460317419
-1.3779004490590028
0.8295227853897966
-0.40538535306515766
0.42077437669867607
-0.8039977982599462
-0.8878182493763835
0.47807367779571736
-0.5150192549992306
1.253649936412399
-0.7472875081787363
-1.0403495796927726
-0.5706282234813254
0.4148751176767035
-0.29936630601831293
-0.5687677381644695
-1.0160918974579947
0.4306653351954846
-0.20019538041970442
1.156097201819401
1.251155652138898
-1.3955210663624302
0.3140664397716161
1.4566581535228866
-1.1872508047058798
-0.18757340104377473
-2.211690401398714
-0.6628148854001188
-1.9937930167418338
-0.9558005067801733
-2.8588908408987788
-0.17551560926713705
-0.4774651634929221
-1.1376524686288092
-1.4073597727116922
0.7953238398240605
-1.20292574059979
0.32245400838233346
0.7481554811296218
1.7791616535488524
-1.2877405183192066
-0.013039587883321949
1.9770704701387047
-1.1830466948403067
0.18469238875077942
1.2256391286281867
1.5919268806265028
0.8633389313200504
0.4735009809212877
-0.44097816326886363
-1.610659874859963
-0.6197080499647205
0.5267826250996342
-0.02446126875933885
0.04343163401140665
2.3751974337056194
-0.11880348928582501
2.454744440954255
-0.37215844093784406
1.2527798390046707
0.1751993916280033
-1.179218256124786
-0.15534675527306102
0.14506839111880643
-0.7843504315426927
0.3259262840827079
2.031842175305271
0.444225138868379
-0.46780911016310966
-0.4791345946888753
0.07122889289845968
-0.48875000038342764
-0.9138881997122115
-1.3880855651273372
1.5060645168191646
-0.35569882203687253
2.430199255009184
0.08813099117883028
-0.1508110525697398
1.2601262737769967
-0.9132250277924425
-0.835058113650265
1.4480696690400996
0.5943751895232958
1.2955006806703784
-0.7680508792668275
0.5611733024242245
1.5764078650345192
1.0822813718128688
0.48111491994849775
0.7672140688947775
0.5533579881949992
0.48505585231866233
-0.03811729923451618
-1.1930623373832074
-1.1280359077315314
-1.275409706932873
1.6246306697689175
1.9914617458192434
0.41817975423084797
-1.648882671875681
1.6866034637261362
-0.6422092917070884
1.2915367592628777
0.1751993916280033
1.1631616177842117
0.1874101019074364
-0.9594626798601978
1.164217708808875
0.2344528441401647
-0.9836067132376063
2.077126384948143
-0.6010648760807147
1.4797961808632516
-0.888683033041003
-0.3338878830956885
0.5992321457484232
-0.3741569391986652
0.28319853083752344
-1.496522867771933
-0.49388159075092164
-0.07904125886335575
-1.158429386922779
0.7552194544607929
0.9929602810495592
1.9573406436715772
-0.703230425991189
-1.1463899845479795
-0.8299345551338382
0.24683784742705994
-0.6093908818814509
-0.09919473421292885
0.19369628711471792
-0.7798108280172307
-0.0893184614284192
-1.3145381717913072
-0.6566455751749731
-0.09861719654035872
-1.1112240660477897
0.3119593349225653
-1.0191595579231045
1.4381720566820586
0.18738597436367807
-1.707460319442986
1.5211453994281054
-1.1834770005245596
-0.141594760511369
0.21935359036421417
-0.18026715009766298
-1.1580975712979225
-0.6024640195306592
0.40004245243632414
-0.9746751413984027
0.08447409691078166
-0.9764646737012559
-1.0138100402715375
2.398548532378368
-0.3541384872111278
0.6377224637153306
-0.39474302321826316
0.0191199964189043
-0.5425338341371221
1.0229202146760592
-0.6695676912862857
0.5820409154693605
-0.5999548296983283
-0.3293783606233354
-0.47897659898580724
0.9210164308785515
-0.8393981625971869
-0.2880876803553983
1.1620090938664642
-1.0071337027541831
2.4436768521713472
-1.258206543980603
-1.7140174715727532
0.28692065219485946
0.3011744091925134
1.3055941833276559
0.49287235220264536
-0.8928968001054656
0.12683326020653152
-0.7896613754216146
-0.46713858850932755
-0.7427924531106757
-1.295789819055536
1.336512821494707
-1.4925061295131283
0.06294054515105665
1.3138336362213017
2.2639425527957107
2.6212603957250153
-0.3609686756468957
-0.6996757376892793
0.5785934936375603
0.4397888586400731
0.3176080524147955
2.690310676826673
0.9547221191450659
-0.8714615156180294
-1.2228362606964696
0.0020316512824574695
1.9573406436715772
0.7237760999515763
0.48050568669014976
0.21887135155741136
0.6653284501734755
-0.20276562658373565
1.038483336091804
1.9416239078802564
-0.4158558989811676
0.7868577501573216
-1.3518399056235
0.3777791236777112
0.3886421111338396
0.15036762063252884
-2.1435184694023817
-0.23559208047764307
-1.436720133219311
1.2425568450364743
-1.389951329256167
0.5226118131353082
1.1372946709387972
1.177875337120418
-0.3791406503919236
1.5262726433992428
-2.599697715469994
-0.15777903564146525
-0.6317586936190469
-0.39619269428946613
-1.6011829384987442
-1.3240796393690295
2.158662689648077
0.9833115986291683
1.3243051007972015
-0.30763214523373084
1.8004736108046235
-0.6532229084359671
-1.740506147494331
-0.3364825055635168
1.8098160135857855
-3.03988146799467
-0.350164922360466
0.22185290021054827
0.47743434077032926
1.3294917987845705
0.1816189901437503
-1.1304025016807047
0.4397888586400731
-0.7908676181542524
0.7947093611463485
-0.6422092917070884
-1.525717660055362
-0.5490340413272362
1.8152063804843142
0.4322922888560768
-0.9836889197483376
0.616951962739757
-1.4799022985170995
-1.532796761732472
-0.7586880860240566
1.4299123982422002
0.8042276198402025
-0.6293909627019785
2.143101639154373
-1.4577560812834565
0.15255784112053125
1.5366607462616844
0.12941708402847146
-0.7760386521243108
1.916542764313495
-0.1925745647441547
-0.25726870568530075
-1.7535289522626611
1.8238520464495918
-0.33946588859585647
-0.9435817508939439
-0.8163664830670412
-0.9774610362951384
1.7341238268953394
-0.3583680784943111
-0.9512207149493959
0.29638013604895963
-1.113151594598302
-0.8592198223219027
-0.6935883974320288
2.8002805362296797
1.3995868991793294
0.39822446288965996
-0.873265751868011
-0.7049106558330304
-0.06978867004518319
0.37884645150279844
-1.0091044091919408
-0.9566283282642423
0.7208159075682772
-0.4517548206050129
-0.09059292083226987
0.26735693536133986
0.07608768350279027
-1.289146556652321
0.020199957269081144
0.6696645604265451
-0.9778243291977678
-1.4203987638051392
-1.6791996660018116
-1.5188537173289798
2.2305367602426402
0.0834761060284987
-0.5813550490689965
-1.5176607685630796
0.9967956131097258
3.2515006368023287
0.39822446288965996
1.8325762501671954
-1.673136230501211
1.5475575047047332
-0.08119795443894649
0.21887135155741136
0.9004211415703286
-0.36588901236490196
-1.126400127011529
0.12324271777845952
0.1974188511056923
-0.40962414515786216
1.164217708808875
-1.24628150303226
-0.4758283131500265
-0.7470126374935329
3.095585211981054
0.6133763425668214
-1.2026678630917618
-0.6345673380697077
0.5533579881949992
-0.1409513348078667
-0.07131114072679223
1.2915367592628777
0.992594952156026
2.0101191505647056
-1.0358005692669872
3.4359970528672705
-1.4297108278149502
1.4680449598366965
-0.23885194578727864
-1.3128218984288054
0.1718428357070372
-0.7302416450567533
2.0492846080557223
1.1582222185055169
-0.49388159075092164
-0.5292257105003919
-0.9289534641932362
-0.3337032340759798
1.474876965955361
0.4148751176767035
0.9833026343624828
0.29778135042094267
0.08781136594542438
-0.15534675527306102
-2.221494570445597
0.579661706729927
-0.5976068267626957
1.0873714003643133
-0.12489381912500518
0.24949583215293908
0.9798457540029182
1.649706787762845
0.6204141219112964
1.1692473297530643
0.3595692543365142
-0.6560517584328392
-0.6325261257306898
0.6322459516122172
0.9328730490648771
-1.1280359077315314
-1.114999210347231
1.481297496886726
-0.5576698273065155
1.251155652138898
0.005452961207034895
-0.9836067132376063
-0.541061886597669
-1.2427706717940712
-1.6055686911057916
0.06768520933324165
2.5312917374141253
0.23417314949383095
1.9625055456960452
2.304131232288055
0.4840902544334652
-1.532796761732472
1.9628341351961378
-1.068647891187278
1.8021320417429885
-0.6720984617140859
-0.00853947231129372
-2.7554923600078927
-0.828038009600018
3.1169561850985175
-0.4831701467483302
-1.682406035283668
-0.7716508285952235
0.9954784700797106
0.568771841631524
-0.7843504315426927
-1.532796761732472
-0.431676644665798
-1.305351269392364
0.20243380303388758
-1.177904072224666
-0.7752128833274513
-0.29936630601831293
-1.1003525691758185
1.8554044668769833
-1.2446205767730458
-0.7626862165730157
-0.8962526601536491
0.22875612927866118
0.6108871354935931
-0.6263880562404798
2.132545897145702
-0.7417377538315755
-0.4516976391225222
-1.1363033752353495
-1.3144187665571876
-1.41639212831944
-1.388013002059766
-2.5103141811085234
-0.02287290556769507
-1.32376480316562
0.2141866174177074
-0.9006919087884777
0.25845884633877975
-0.40749566580414426
4.38580607218971
-1.3994470931737637
-1.3625998063253109
-1.3145381717913072
0.2885405093605802
2.6657319426817905
0.11229016959848401
-0.9826057327733949
-0.18757340104377473
-0.16552935484513795
0.3886421111338396
-0.8272304074178889
-1.1249643435037053
-0.4931258730044782
1.7934399762448032
1.169792488184277
0.9446366620945834
-0.3849439358507556
1.9628341351961378
1.3969458938748984
1.374807249162378
2.595273347772701
-0.6317586936190469
0.7294381463416786
1.6172315169210654
-0.7154551565621738
-0.0865846875102051
-0.3583680784943111
1.7071107734505717
-0.5608275033463148
0.13546147366468905
-1.0699698886304585
0.30013507480218954
0.2606314010642246
0.4666517254457304
-1.3779201952752707
2.1155126975008427
-0.19691967419504397
2.9543276833664462
-0.4517548206050129
1.8910693975146202
0.37425587772243835
-1.2891146367409085
-1.7666088296462203
-1.1551235951659091
1.1959823168398962
-0.12115767299701818
2.6051128766846663
1.6866034637261362
-1.47603803612745
0.37938722860651963
0.1974188511056923
-0.9594626798601978
-0.9533491760682833
0.44163995375290915
1.2236360474281736
1.0385212306879716
-0.8578973655487774
1.6303145499936298
-0.42152962928443705
0.22875612927866118
1.6205735415930955
-0.6044135880065873
-0.08233441254257032
1.475761088133742
0.6230225630589745
-1.3507431881389849
0.5112732696471171
-0.7946370410080795
-1.4790234900818284
1.5222839335063354
-0.00853947231129372
-0.5204773959353342
-0.3746233188556123
-0.23885194578727864
0.6128801306168055
-0.4931798283622028
0.29638013604895963
1.6149711887026372
0.19369628711471792
-0.5186364385267398
-0.5198881621323939
0.22896808033945354
-0.41693652525209357
-0.5608275033463148
-0.19433744373036688
-1.2704877601612972
0.9129067225349653
-1.4045989028431975
-0.802439958755051
-1.0132952039153709
-0.5659441852144018
-1.4977162591714732
-1.7680155638521158
0.5632859226280857
-0.45656423879081054
0.10100764017285321
0.3332205462490716
-0.758545012576125
-0.9754019288153617
-1.0714466556519406
-1.0819087133275156
1.300697940760798
-0.9773898649731306
-1.5307140042737113
-0.5060091758597333
-1.9605091596748656
0.3595490532694036
0.4999923213615478
-0.7072726486081797
0.15983260314513545
-1.0210294668365902
-0.11956358835976036
-1.920662871666157
-1.940395176757829
-0.5275971590034327
-1.2228362606964696
1.7970693152326274
0.1302874042233091
1.2256391286281867
0.21887135155741136
-1.1991448581584283
-0.736909491393096
0.28637780416909864
-0.24699652869307076
0.8849037238147106
1.622374315175475
-0.4202145556379351
-0.6979190394786259
0.5872091429541559
-0.14914987307138416
-1.0008358031817022
0.16723161822592802
0.7193678343334418
-0.08233441254257032
-0.25477443810810496
2.4436768521713472
-0.07621240886648369
-1.4467752819504747
-1.23716005050971
-0.24573266184430415
-1.3105692081146678
0.2103726461064791
-0.24644725886981383
-1.1032160876440935
-0.47357404169582784
0.49369625616826973
-1.0140275111662427
1.374807249162378
-1.4678782777273809
0.5178956017178317
1.3523873164462583
0.5131885955889766
0.029792849952545858
-1.1859049162617772
-0.4547903246158741
1.726264200751551
-1.5176607685630796
-0.02287290556769507
0.9237773007470464
-1.687573687406652
-0.350164922360466
0.30614365746058175
2.460148626532634
-0.8227224827819026
1.0203164218507434
-1.6073272236956477
-0.5576698273065155
-0.9267912487837333
0.43893141095373966
1.8929822265971066
-0.871277815710242
-1.0007157020748016
-1.2573644916350788
1.5510316147843097
0.21887135155741136
-0.7319788031419422
-0.4987782759514193
-0.8295924001930401
0.7968835092290564
-0.7956554739794097
-1.5412486250168569
0.08005299665585425
2.9282820738298154
0.6751892897454643
-0.49178642305417897
0.1718428357070372
0.24034245971897655
1.3026330767635679
-0.9087345556635753
-0.983519446222906
0.6331690719620533
-2.128973321628024
0.9096595040061473
0.9933697202459552
0.8787266045256072
-0.5377069634442057
-0.6271784424583259
0.8688255294999647
1.094045462407351
1.2827299064009015
-1.129607514288836
1.4351751249053177
-0.7280879345839901
-1.1466602722939896
-1.5377205428832506
-1.132037487192364
-0.14389040592564284
0.41622855746652065
-1.9013712115746828
0.12324271777845952
-0.9173976741359717
0.12683326020653152
-1.8417280660823916
-1.0547691414574538
-1.1611902567912744
-0.8962526601536491
2.208315672476551
2.047437894270378
-1.5905564678017052
-0.8508600455342474
0.5632859226280857
2.546891155589672
0.041220746535255856
-1.8180777493341487
-1.4927359924109855
0.9947785420701947
-0.1316098811386281
-0.3193983052117258
3.123677071073272
1.3953205685027052
-1.2570126932511179
-0.7336884530952457
0.4630731673183055
-1.384687923416573
1.1495625627007227
-1.305351269392364
0.17860345065716207
-0.6858757318025842
0.37385975072761
1.8583150807509485
-0.7888659286998012
-2.1758048086727406
-0.48330724103240424
1.27175712222268
-0.6059300840034412
-1.0274414883521128
0.7955318688873076
0.13482562048231006
-1.9767930938228133
1.27175712222268
1.0951063379829078
-0.14689008626237407
-1.0084465160841474
0.7068361070750384
0.9270353483737844
0.6873963312664928
2.785007702015354
0.7112960176454464
0.787846604074726
1.4492295943193025
1.3184588784730642
-1.0071337027541831
1.266958739225606
-1.2236496192553472
-0.6345673380697077
-1.4183853432891846
-0.48875000038342764
-0.6218996550336506
1.425646746742052
-0.9926344814270596
-0.5566422239776965
-2.2017133355690337
1.8363725324284674
-0.6969253965312263
-1.405237049734724
-0.6057261785494426
-0.7049834554434368
-0.7110301343096996
0.5405966208258476
1.0817281815305897
-0.9966631568381732
1.8537424021113484
0.9237773007470464
2.201679982594458
-0.0445068122180536
1.920226754531825
-0.8322343241573602
0.6861962693094157
-1.1284552269139245
1.4867276261532352
-0.6499086284386615
0.06706887958002175
-0.9243895270332122
0.24170096001276292
-0.7303824247955382
-0.25368272950011717
0.21209583104845658
-1.524904760826428
0.2875321624660502
1.6089157683567992
-1.23716005050971
-0.49378858559430217
1.794754417863167
-0.3379321766347192
2.2921999801121182
-0.010572875586352115
0.13546147366468905
-0.8279936976854544
0.20287033818056366
-0.9132250277924425
-0.21242238800353191
1.059998756167933
-1.2863808628226945
1.9662244409286154
-0.6295785663724802
2.4355434756139474
-0.6835784930310475
-0.8047230916552032
0.6779396004514855
0.45649233027841923
0.3849413642811707
-1.5567596138103643
2.2097074844273115
0.8843771730933441
-0.4438001183825658
1.324047446076282
-0.9774610362951384
-1.1861276659684576
-0.8801528852434327
1.9931284284552055
1.4213469027967505
2.1631324831450605
0.09144598374522295
0.32578757526596164
0.06944235017753489
-1.0091044091919408
-1.6089876906249174
-0.5791627526063858
1.1667094461340854
0.6647818999967001
1.6602147551893514
-0.9637304022823845
-0.5544327115508032
-1.1860525726489022
0.11413090869907161
0.9933697202459552
0.7326759579701717
-1.2434207513588043
1.045228126823209
-0.5086189433698057
-1.8255114161900403
-1.1272707830847646
0.16377747420915062
2.201679982594458
0.2396804263056296
-2.1849917110716843
1.3736958110344284
2.163247760290829
0.9543999469633698
-0.45996255967804994
-1.9371183320267455
1.603340070321508
-1.2228362606964696
0.12707207067476922
0.7717945565983355
1.2645645899962068
-0.3042623120423338
1.0910850334812143
1.2701790983469805
-0.9826057327733949
1.9406167466404864
-1.2584727036382621
0.6218778482051852
-1.4459644398878524
0.6745716016392915
-0.0893184614284192
-0.5415902716982386
-0.18826779252307294
0.9967956131097258
0.4840902544334652
1.4376703248981304
-0.5796187929473917
-0.10138886505474044
-0.5564305094597399
1.9787403439682973
0.4535121900671521
-1.2246351998996476
-1.0760018817844208
-1.5516202077877974
-1.6952666068198285
-0.7956554739794097
0.1613948028021151
-1.3015643940314168
-0.5863465738053165
0.9165952956924883
-1.331126941645697
0.05541044092297703
1.2107938303627177
1.5611802280020375
0.5101173012965966
-0.8889457482658902
1.2247396415610297
-1.0440930617990463
0.004234291540111956
2.508742533233618
-0.7686770890060459
-0.6947158963215357
-0.34078788603903676
-0.3035683587175741
-0.6150435213712282
-0.5047898270163331
-0.5201389264492451
-1.0699698886304585
-0.9159893465728113
-0.5548490229164372
-0.7481304929398787
-1.0191414095432036
-1.1546048535085003
-1.405237049734724
-0.9577914142850403
0.9784482250856443
0.4999923213615478
-0.024960960073260263
-1.016830162697318
-0.1291640535643469
-0.5180426035497769
-1.2754276187699367
1.1086877389475764
-0.5702571382110425
1.3707007485680245
-1.1102237814563602
1.3833799094264452
-0.7169447931515829
-1.2348761406360436
-0.9071255320748771
1.0963645000823652
0.3889417885392775
-0.6282430217234227
1.1959823168398962
-0.9081333709525992
-1.566579614240581
2.6255184747040414
1.1892451335607475
2.4436768521713472
0.043931088782492744
1.2406281612832348
0.61517322908279
3.120086765188037
0.8346036465243305
-0.09969715739053576
0.5634519334859153
1.8195007562231422
1.8086492283545479
0.13504538060706073
0.6221708201219497
-0.18179366328778762
-1.1055613237849067
-0.8363323365112797
-1.0793788448633004
-0.08618788133889965
-0.7449553643929592
-2.599697715469994
1.9652202692707736
0.7845572852610189
-0.4356959298728933
-0.2794815068226567
0.09924657733101315
0.6331690719620533
-2.1758048086727406
0.8711813414995553
-1.8090451571835637
-0.6777159734025151
-0.7135751660509898
0.31099762410378057
-1.1891459540150349
-0.9628339047971566
-1.3246881600582916
1.0354790378847436
-0.5689700457821012
-0.6669200291800446
0.3246775288835751
-1.384737295835104
-0.6749629125979792
0.25845884633877975
-0.30206449574581107
-1.183920206228773
1.0585394416535694
-1.4678782777273809
1.2085172702230642
-0.7842429634608821
1.103256693961754
-0.6525000247817238
1.9201445480210935
0.2810060115878055
1.6257375249576735
-0.7104379321002382
-1.0793788448633004
-1.2789664828531255
-1.838441324669006
-0.8954021028713838
1.4566581535228866
-0.9977052230921826
-0.6044135880065873
0.498311854976871
0.012109535811818062
-0.8024969036947043
-1.0132952039153709
0.5367013587231994
0.6779396004514855
-0.9057798664178833
-0.006591738214568238
1.0296085031014512
-0.7586880860240566
-1.421890234773751
-1.4751551040829307
0.07608768350279027
-1.7346311320479844
2.3151894186497404
-1.9744632392670818
-1.9778983162440695
0.3695663241007049
1.3205942511714281
1.7397466173957434
1.2236360474281736
-1.1212010158456016
1.4029413841782565
0.18573515087756942
2.5102666017515944
-0.8383581672652163
1.2236360474281736
-0.7816556907270669
1.7038582578749502
-0.40518005586559724
-1.0138100402715375
0.37463730230866377
-0.05538611815398256
1.3707007485680245
1.9800341541031152
0.25050139555634254
0.5585722626380001
1.7552727628752085
-0.44341088473238244
-0.4809925497537472
-1.3618061939826993
-0.9057798664178833
-0.984610884895448
1.0785280446517331
1.9295062027574428
-1.4262727612560337
-1.4859310655462972
-1.4705452267199433
-1.070862923448084
-0.7697676119592733
-1.700784900585521
2.785007702015354
-1.367290498453466
-0.8501768908553746
0.6599802908748604
-0.5393035950297508
0.4735009809212877
-0.9359239592821148
0.22875612927866118
0.2798144712637737
0.0374612036674256
-0.25152788052093356
0.6411605135779407
-1.1955194062370165
0.01798169888350956
0.7112960176454464
-0.45362516767303607
1.6303145499936298
1.3838563751601929
1.2360382666793517
0.4461237842377477
-0.8322343241573602
0.4815642897319661
-0.9698259942372343
1.2527798390046707
-1.3206149361897785
-1.1146584471519954
1.4372282577003381
-0.7233354613378459
2.4762727305983114
1.2236360474281736
0.7717945565983355
1.3599780465896003
-0.8383581672652163
-0.6179123231305796
-1.7140174715727532
1.0699170471578583
0.06803013106886124
-0.736909491393096
-0.8310119857320327
0.7150502983976077
-0.5057281106432426
0.17852307852563357
-0.46705546333870496
0.3176080524147955
1.9800341541031152
2.1455316120579013
1.7200517338145673
-0.608108613413641
0.7172878436695006
1.0776790852058344
-0.869450625354057
-0.11058610676962685
-1.4456372072021888
0.3015776326822137
0.018273683256856757
-0.19433744373036688
1.732699417395215
-0.6544574023216114
1.281707345341221
-1.3387813911008937
-1.0623833032717727
-0.8189464060668419
0.7868577501573216
1.357402268374454
0.3013576664666594
2.180068821018922
-1.524772486024383
-0.3969171757800749
2.0843409875520638
0.688987224710119
-0.3965190083152397
0.16981564813867225
1.6483598291360675
0.32245400838233346
-1.3030712465851084
0.2763724827073101
-0.5992333043970377
1.7900915175580732
-1.0793788448633004
0.49287235220264536
-2.069458550115638
1.7200517338145673
2.4738314859632218
0.1361524374075201
-0.5853045075513073
1.0229408933079456
-1.4135938369404504
0.9602532657823795
-1.2570126932511179
-0.6057261785494426
-0.2961546746207877
-0.7591615833512834
-1.2794870755860424
-0.7280879345839901
0.45831400527979443
-0.5237131548766176
-1.4572846411225417
-0.871277815710242
-0.43231733850561493
-0.8402390764362903
-0.6150435213712282
-0.5796187929473917
0.11284497147285749
0.05273797657560267
-2.109701644295652
0.9437054961379536
-0.7626862165730157
-1.6955318340618701
-0.6835784930310475
-0.5350560919095035
-0.871114318408091
1.2601262737769967
-0.2328674906726447
-0.8737826591462167
-1.362589703552205
-1.5188805767364235
-0.7664618202024032
1.9932170522843335
-2.3259746055439243
