1.81393327643,2.3209246192,2.51422249259,4.62802679147,3.28848872866
1.79241037743,1.12620322634,0.940612366049,2.51186930593,0.296667179231
1.77479837966,0.219079572991,1.35077961127,2.27544015028,1.04524625113
1.85638639813,0.617655489075,1.18390212701,2.15222095306,0.489684564838
2.16670616606,0.729709392978,1.90403400895,2.21321251254,1.59378555858
1.03563425749,1.17077525395,0.157840231011,3.21733640541,1.05325841588
0.971853424847,1.41545232402,0.253461898587,3.46120994075,1.27305594065
1.13214393716,0.762564939923,0.442804714029,2.91319639254,0.879876248494
1.00106027224,1.75197803442,0.575278136882,3.78807742728,1.58270606279
0.426421858727,1.28320416415,0.45432261632,3.63241976852,1.58817503427
0.117045469146,1.65605511516,0.901881370302,4.07173076453,2.05496603071
0.45968691341,1.99816279544,1.13844045714,4.39034562189,2.32202457473
1.47558066025,0.895108680436,0.661854694477,2.6791185259,0.531528208466
0.855757968856,1.11197024205,0.0735906853721,3.29209956432,1.1785982396
2.33679054758,1.32104836858,1.51297030009,1.9720712853,0.33326691993
1.97501515951,1.39404855231,1.1009788212,2.55174003835,0.429779825777
0.534321666261,1.30708943727,0.347622333285,3.60166640144,1.51615326525
1.70782979309,0.893581534952,0.907254700435,2.44128952447,0.297140630872
1.37736239174,1.30996318494,0.505541583083,3.07344697189,0.859394032746
1.4152118236,0.208065026764,1.15234414781,2.67905063217,1.24618018483
0.522527207153,2.02008015702,1.09457051874,4.38025408438,2.28192009106
0.160639432631,1.71445321016,0.967006917875,4.13589169481,2.12182295304
1.54372060644,0.53163882061,0.882471693844,2.46705164805,0.59758931847
1.24950905826,0.766093958695,0.512631091234,2.81757983704,0.758877553401
0.648166764246,1.52241396681,1.34813560698,4.00770445926,2.2797445872
0.507013645023,1.34627188992,0.382514696892,3.64429638607,1.55620218722
0.67677412036,1.49642162434,0.374924085993,3.69815660774,1.54806790744
0.995843626547,0.565476345676,0.730206410117,3.00898978517,1.23103209426
0.79438576199,1.01050357035,0.218122052784,3.26927760687,1.21053745884
1.15202267237,0.425237325616,0.95478807886,2.91238970545,1.30049404904
0.747409633074,1.08831785489,0.183513472703,3.34194426472,1.26566164241
0.693949133963,1.38856255228,0.270035037825,3.59230434708,1.45268353378
0.648369018837,0.914902434383,0.729602906426,3.37911721772,1.54788027845
0.756184847576,1.11828812646,1.16565089596,3.60033660898,1.9414609342
2.87614814171,1.94778481951,2.01367407572,1.95427759735,0.925724560995
1.55132706117,0.790688512661,0.776583742294,2.55007268698,0.460027993441
0.807482062139,1.60824256784,0.444579573691,3.7425132375,1.56281665932
0.92131551035,1.79084714156,0.618750833947,3.87920749286,1.6808611851
1.59460626786,1.25910673307,0.717412233461,2.83267490698,0.617865560737
0.937681348059,0.918838624151,0.258291581654,3.12762374266,1.0660495321
1.95752387707,1.23303823457,1.10139691308,2.41102186202,0.240421670222
0.605713433544,1.34123101322,1.20205430556,3.82841232468,2.09781649466
1.08292402944,0.759132644747,0.427044746311,2.95123994862,0.93273396081
0.37008037727,1.54290424593,0.599323901605,3.87059081408,1.78174621683
0.275496695426,1.81447101805,1.00150942168,4.2181467016,2.17429410919
1.27479822682,0.44641465156,0.741552545355,2.71507570255,0.885307083499
1.85548386411,1.64280894612,0.994551820906,2.968866058,0.833318997431
0.865402697614,0.789498342064,0.967596476132,3.2776746992,1.60768280549
0.625934906456,2.07566874008,1.49974195062,4.55143318269,2.62515022458
1.33507039123,0.443480539049,1.23284011046,2.87073750847,1.47729739864
1.30988583217,1.50133388502,0.504143948581,3.30958088133,1.09402162894
1.23203119518,0.650258019115,0.573930853877,2.79120811645,0.807852093483
2.80758426865,1.25342394201,2.28987748295,1.31314779225,1.46359276928
0.517685710251,1.50005875385,1.23638563649,3.98832403545,2.20549006916
0.784530988422,0.889565820107,0.378256838192,3.22175754,1.23550918149
1.66932702746,0.196072809172,1.18654455503,2.33744464292,0.901955595247
0.77538842616,0.878221197412,0.946588765619,3.36634372353,1.65959922526
1.73431436173,0.217069625793,1.26280726199,2.2825176975,0.936038948843
2.10638909607,0.600243038081,1.77487281351,2.12997318498,1.40391435162
0.828381533189,0.728701073243,0.695180414594,3.18161015373,1.36909070084
1.77858604754,1.63759514208,0.925750247533,3.04216804777,0.883654540085
1.13689549492,2.63850564631,1.96786703796,5.10811350898,3.13236662709
1.82730942292,0.569759549665,1.17158235188,2.174040698,0.532610771233
2.2928649204,1.33449382608,1.45829687861,2.05494817852,0.299421969288
1.04526361264,1.1155901667,0.173933068708,3.17111427901,1.01728170101
0.640171243026,1.33948326244,1.22920538371,3.82524844136,2.11144422012
0.992586948396,0.565094010149,0.794727476441,3.0320877924,1.29693369946
2.01547506563,0.458500745869,1.57583782582,2.06036645399,1.10940425592
1.49492180165,0.82414662196,0.706726873806,2.62224470062,0.509556357135
0.393546072404,1.41273874643,1.07850252066,3.8968272338,2.06720224831
2.03593722589,0.915517020994,1.27709532526,2.05931647336,0.244447395138
0.832296765206,2.38640565768,1.59323586759,4.81700688549,2.7745390084
2.16117776403,1.59582764591,1.28359797322,2.55274997287,0.575607065544
1.3321951821,0.941205739634,0.503744894261,2.83581649629,0.685326637814
0.370094459322,1.45741897302,0.542045050009,3.79180777886,1.71596759171
1.30542515286,0.335553169571,0.842062216529,2.68639967272,0.955365818319
1.96763598158,0.535781134833,1.37577339072,2.02158150482,0.72147194909
0.382846712526,1.1848773971,0.61512005071,3.60593930791,1.65015416401
0.470585305316,2.01358568174,1.16083372223,4.40941637529,2.34393639848
0.318528887357,1.61504313157,0.696594424367,3.96057260116,1.87844002637
2.2499981562,1.14281130374,1.4600297092,1.92735793896,0.289279517587
0.92818165191,2.06747056364,1.77448135802,4.55102261474,2.79554596384
0.819817353656,1.37803320704,0.207483302407,3.5168864454,1.35536593303
1.02619613992,1.78232378319,0.605942387006,3.80734566949,1.59975594161
1.62586103599,0.195890519906,1.33527023984,2.50436902802,1.25715946128
3.21439152425,2.16179546051,2.36456353898,1.67822647269,1.22328844476
1.97423958521,0.421211611227,1.56849976246,2.12795039654,1.16594752296
0.847474528608,0.976500374275,0.221053549114,3.21744478952,1.15690436401
0.641784369054,1.09704159374,0.293322414794,3.40765424164,1.36321561928
1.78867913739,0.324261295816,1.26131705586,2.20941913747,0.828428510482
0.496288600943,1.43033801218,0.431776309874,3.71891422395,1.61604111517
0.382862240756,1.85433492071,0.946360954854,4.21776709966,2.1320837145
0.856624025073,0.758289687631,0.90645939438,3.24559106847,1.54664436298
1.41274808401,0.585317465502,0.739326535803,2.60844081906,0.661561749713
1.17169327785,0.469993954444,0.709166773206,2.81721304368,0.99847747787
1.00885092608,0.898046091946,0.286651534208,3.06691133581,0.995018368674
0.916938861624,0.643191495299,0.695034869361,3.08680063136,1.28313407342
3.2694895439,1.72941253602,2.68741025486,0.812949234869,1.71301214916
1.74985545944,0.195522693283,1.35791176094,2.32056135265,1.10290323141
1.98741259114,0.445040694139,1.60725490141,2.14634379058,1.22938784383
1.29156990594,0.435472291844,0.755872045833,2.69819310573,0.875380998052
2.11827012398,0.855581970016,1.40566396661,1.91765549646,0.435682459396
1.46800775115,0.746741769951,0.711441202385,2.61185236873,0.54764087769
0.829391224606,2.3840544609,1.58731711524,4.8133062148,2.76901424199
0.615057535055,1.51090300224,0.419485131118,3.74079348405,1.60099369642
0.932690411352,1.56028594435,0.383894738487,3.62382036187,1.43052187504
0.451325636355,1.67568975885,0.672687325549,3.97663943627,1.85979267626
1.75549357772,0.385513534009,1.18034672572,2.23350148735,0.718752650038
2.47658496549,0.922980434779,2.03935165056,1.7064135016,1.40322665705
1.48611706735,0.901637446774,0.670407926211,2.67284682484,0.521698908151
0.577069039474,1.81002398534,0.75520848542,4.07625286171,1.93218974204
2.09835363929,0.543196416138,1.63315952276,1.96629282107,1.09232508861
0.587276185444,1.54517282314,0.466180607872,3.78624883375,1.64859160838
1.40456509093,0.272305053245,0.921223912866,2.58801294197,0.907460629496
2.03593722589,0.915517020994,1.27709532526,2.05931647336,0.244447395138
1.4326207009,0.139653938335,1.03883207792,2.58797152052,1.04070359143
0.86859840577,0.698535905371,0.635862165409,3.1268792559,1.28452666831
1.03424722651,1.60865308392,0.442871967712,3.61177948064,1.40665534838
1.27603129075,0.311506760909,1.04042269321,2.79933473667,1.262934005
0.339173102564,1.37398412359,0.996872551129,3.85251890067,1.99757289735
0.186146784505,1.43049734685,0.692239767094,3.83305178841,1.82233847546
1.7889469727,0.339267614828,1.50422620255,2.39924052709,1.33418236256
0.53305073295,1.64050633901,0.589058502084,3.90602919967,1.7726376559
1.74516024528,0.305110138912,1.21472442962,2.25038934627,0.814472620917
0.844799922755,1.25715931353,0.0841951639619,3.4030437737,1.25646219886
0.956703288392,0.712314521668,0.488008822786,3.03880802448,1.10087658054
1.22240327593,0.377570449684,0.807395487453,2.77274167369,1.03273053667
2.43607348361,1.32963012941,1.63029530388,1.82039730981,0.443123118367
0.745122447528,0.817861471285,0.611180627151,3.25026371646,1.3812707519
0.781855079398,1.9245340725,0.801300439733,4.11505029185,1.93615927925
0.365996862146,1.59449764234,0.645851639025,3.92308966864,1.83035410692
0.913588995118,0.981383551456,0.195874028756,3.17642994332,1.09418738832
1.06712250628,1.81306305322,0.638057061001,3.81754347859,1.60708342268
1.5451631635,0.0127288949263,1.16446882675,2.49786643141,1.073416965
1.40485877526,0.579808918082,0.735852075067,2.61450199359,0.671438400318
1.9083108236,0.798708398083,1.16797749566,2.1573321764,0.294603653016
2.33240542282,1.0256893201,1.61355952926,1.71213489851,0.555817279183
0.474241279555,1.09945978301,0.56576345687,3.51456895224,1.56444270505
0.489846184667,1.43275531463,0.437979868198,3.72369177747,1.62194805678
0.341331275068,1.22419030694,0.640084209192,3.64748379372,1.68904845509
0.664511304364,1.96093493117,0.898632163205,4.22168057525,2.06718520754
1.59409913232,1.02870346286,0.748020816451,2.64872858681,0.448900647124
1.16731855433,0.492914964533,1.07338964942,2.97205851672,1.4395782936
2.4161910319,1.57575547191,1.55424028543,2.16279886049,0.505720571017
0.462945371333,1.2952260909,0.414906563052,3.62475006,1.5638951926
0.48157616337,1.84087911466,0.850356633919,4.1559710593,2.03653897783
0.665059024583,1.65951065168,0.545053133826,3.86732921152,1.70782429033
0.220838448118,1.33996285657,0.785041238584,3.78494955276,1.84566935742
1.00734953865,1.30414801081,0.182110645517,3.34132691717,1.16026565347
1.40062017891,0.194769681052,1.11989466001,2.67713757338,1.21498210095
0.752633765287,0.994030194902,0.273991323736,3.2871072293,1.25119319381
1.04749117272,0.530348532299,0.706939002109,2.94790596208,1.15145962458
1.99153967356,1.0422374146,1.18286453539,2.20461135207,0.0364001080889
0.905941400453,1.60443636434,0.427896728067,3.68434024485,1.49207516606
1.35951676119,0.211813126305,0.972992786606,2.65525103641,1.05173688503
2.62283214521,1.5685076453,1.79210079607,1.80214421364,0.620179288982
0.518779078159,2.05799819274,1.34864042466,4.50566581965,2.50866971468
1.15711387915,0.870237679697,0.384611084407,2.94112490454,0.847244272391
0.903433336036,0.935450252061,0.245626443112,3.15937370426,1.10033298903
0.607369332549,1.90140431904,0.852449572002,4.17378626486,2.02762655715
0.945214929006,2.46550294786,1.50454102649,4.81343339598,2.68622312716
0.412377401793,1.65018173983,1.23636492857,4.13419935888,2.28057910128
1.34193196841,0.633469116311,0.657183167646,2.68814521621,0.704024712943
1.6965127963,1.13082193096,0.836858012456,2.62035229033,0.404786126705
0.31962869834,1.66743196561,0.748921512202,4.01619381728,1.9322577153
1.03965833641,1.84252280979,0.665685533354,3.86928075422,1.66048616698
1.50193119707,0.507492228123,1.42080577248,2.81250433716,1.58038270789
0.524804407609,1.27158325838,0.353029788574,3.57971178204,1.50723453485
1.84795603254,0.322973917234,1.35798749517,2.16936786585,0.926458965215
0.338579466075,1.35558446061,0.539259128359,3.72080029109,1.68103529835
0.549067408637,1.01135020371,0.70803995097,3.46838441082,1.60217073183
1.4148444463,1.11940976326,0.544449430293,2.88410360357,0.6821393237
1.09588935009,0.639332395733,1.11927811788,3.10969251979,1.5794220778
1.60680952909,1.65745201685,0.789132834887,3.22931454674,1.03705910694
0.975236828634,0.647447848222,0.569500831555,3.0137794323,1.12673014977
0.633714004126,1.96806817977,0.925460651387,4.24664213297,2.1001013673
0.224824427558,1.77900182311,1.01429393768,4.19827384014,2.17618811296
0.613375216733,1.1717273564,0.278845400017,3.46805429198,1.40223551673
0.964213236182,0.605656274679,0.675925255936,3.0323179775,1.21774803575
0.812736501779,1.41789341805,0.248695510003,3.55600370366,1.39074802947
1.11307639158,2.63266504961,1.92811208042,5.09473208933,3.09916123237
0.961589405736,0.595447722974,0.764675733379,3.05692603275,1.30000844333
0.282350338295,1.80572858436,1.14976095174,4.25752752675,2.28593698176
1.21604781074,0.355421439167,0.977922790049,2.84239015939,1.2529183644
2.48040486271,1.47061459544,1.64634450426,1.91822299805,0.481123257663
0.884389763106,1.14724615711,0.0297353794058,3.29833421796,1.16840227653
1.89066474484,0.859781162134,1.12432250831,2.21050845171,0.21800445168
0.966237312826,0.909596315962,0.268023549736,3.10306722834,1.03753259644
1.5944779568,0.038724727229,1.20279192252,2.44970356751,1.06246531864
4.04327684237,2.61706401378,3.31043698455,0.465201564365,2.14581939893
0.449163006084,1.34349639206,0.432904790214,3.66682454086,1.5956198872
1.79907117389,0.752191230058,1.05886996847,2.26515140566,0.324960667984
0.374143822049,1.44798394598,0.533978942165,3.78208784288,1.70700836109
1.00512241487,1.27805410107,0.164154892419,3.32117250031,1.14390261288
0.680755604606,1.36059742353,0.256462774551,3.575105043,1.44277142899
1.18968660271,1.80505540666,0.650339125184,3.72797342308,1.51276979239
1.26646842002,0.311061748988,1.01925288604,2.79930609816,1.24539556659
1.27517881888,1.41672024427,0.441918593238,3.25332331403,1.0398244486
0.908991189684,0.741683558473,0.479942636898,3.08481746831,1.14819537427
2.22757261013,0.913790765475,1.52446762848,1.79887297742,0.528288973164
1.90750669762,0.359919837573,1.44064668637,2.13005842524,0.999267143893
1.54219298624,0.56321211683,1.4831559001,2.82484791265,1.63850061559
0.855964416258,2.40753569195,1.5267711927,4.80129922406,2.71410622141
0.257811724429,1.48694927233,0.643959286638,3.85626413432,1.80573255682
3.86225479419,2.36888054578,3.19159199902,0.133537851877,2.08213206947
1.33122052622,1.00059474386,0.483868370793,2.87345072607,0.704584822905
1.35894195733,0.247647855934,0.92924714781,2.64219931426,0.990362115484
2.67216482691,1.12464567072,2.13589305942,1.39412016141,1.30728304737
1.12583437242,0.74820483823,1.23885062023,3.19107744803,1.71800144777
1.3305397504,1.17899332948,0.453220590357,3.002163526,0.79988190272
0.631580950617,1.40223517356,0.318796165158,3.63443764686,1.50557412682
1.17881903266,0.79416301018,0.446689411963,2.8883194506,0.827207967931
1.9083108236,0.798708398083,1.16797749566,2.1573321764,0.294603653016
0.681815206006,0.918524587619,0.844118056841,3.39989172938,1.62553029998
1.15063720265,1.16470447021,0.272901557821,3.13152440811,0.951233654053
0.687145499395,1.07844635363,0.256185044882,3.37122205614,1.31871889098
3.46363841461,1.96554668627,2.80968036566,0.525604465156,1.73234095651
4.74682404154,3.24873461755,4.06463997662,0.760872948722,2.92938190717
1.19097372607,0.394137462556,0.802923660486,2.80706227197,1.07000824703
1.13176317801,0.563384220335,1.09431449446,3.03814193734,1.50743934464
0.397860255623,1.21561593627,0.867993080777,3.68833559588,1.8314579473
0.471734566269,1.11037577691,0.796154406401,3.57865881515,1.72362420838
0.827930748887,1.08528176302,0.116442851088,3.29200544021,1.1940587555
0.268829106784,1.81377347256,1.11890999112,4.25599625057,2.26589109317
1.61509799789,0.700891632995,0.877998928357,2.44540236184,0.442515353031
1.09252006713,0.514261488475,0.977207767778,3.00243466503,1.39631858194
1.82488612681,1.4115733554,0.947052208617,2.74287067104,0.572625877959
1.86889448052,1.39711089989,0.991620576752,2.67892406041,0.5183394937
0.409039371379,1.44319142878,0.504565787677,3.76485805946,1.68148437256
1.76610334522,0.209982650803,1.36524826253,2.30016658101,1.09016778658
0.997508419732,1.68837809819,0.51284986337,3.7195980902,1.51552499609
0.964278170355,0.756968904941,0.428825959035,3.04379797739,1.06747883231
2.46357114689,1.0154329097,1.8172730891,1.52678470834,0.858546455179
2.205792159,0.711701127041,1.62709858984,1.79014874068,0.867120686441
1.30696846387,0.775055775213,0.553032846642,2.77186918545,0.699979215938
1.40829557679,0.395266379254,1.27350772364,2.79755175303,1.45123086885
1.56129780511,1.50631407921,0.708933412158,3.10443233856,0.899370090529
0.978365918228,0.819084998402,0.358171001635,3.05439200233,1.03264017511
1.35603534104,1.60083358758,0.584385088793,3.37748188412,1.16264719512
0.608976946484,1.44587983095,0.366781595596,3.68345563802,1.55281524382
0.803383097598,1.5961552066,0.432848640458,3.73228117938,1.55379331259
0.580091368286,2.12061408927,1.4020739705,4.56771310077,2.56590668039
1.15648107288,0.760783063889,1.27744616895,3.19126929235,1.74382518347
1.82265838743,0.407562446065,1.56459634466,2.41155762778,1.40379779073
1.3232064295,0.234801562446,1.00500655945,2.71594826974,1.14960520077
2.28801830481,0.942554215568,1.59409243181,1.72984090583,0.596098883916
1.55834480927,0.0357200427162,1.15810391609,2.47557870216,1.04092835251
0.383680981356,1.20753518019,0.564814690638,3.61048070464,1.62855620271
2.27507765075,1.76403351422,1.39824392555,2.62505596743,0.737945653897
0.202746810879,1.39751367927,0.88113079754,3.85580995603,1.93672490796
2.70209376851,1.14953589476,2.18176014378,1.3929859188,1.37105450391
3.0817504619,2.35486101646,2.20392266466,2.36077261086,1.28484377301
0.575300535487,1.69842317901,0.628385484629,3.95000036127,1.80599604019
0.717235000774,0.879413384234,0.84153313357,3.36108625747,1.59576957889
2.06200310926,1.21215313847,1.22114703391,2.25757424163,0.141176821437
2.36408237745,1.34873778144,1.53829308836,1.96009893637,0.360945449787
0.899436793284,1.17886712406,0.0220782240975,3.31147423111,1.17063709123
0.801641662558,0.94043349327,0.294204355119,3.23015818606,1.20405799919
1.33122052622,1.00059474386,0.483868370793,2.87345072607,0.704584822905
1.26294285894,1.19666215904,0.385153446976,3.07070720337,0.872581420195
1.3736684138,0.212280719082,0.965913479606,2.63517368107,1.02039067128
0.587276185444,1.54517282314,0.466180607872,3.78624883375,1.64859160838
0.609734483529,1.23023833799,0.268424859849,3.50933947364,1.42473685343
0.388872253221,1.2640238779,0.504948462493,3.63701045148,1.61596350357
1.05840746118,0.56349757075,0.984721454121,3.05124553435,1.44236788215
1.18970875381,0.409272225338,0.779811089537,2.80437925915,1.04631320769
0.0847836225107,1.56758134224,0.822447854905,3.98004655142,1.96722493596
1.87428491747,0.860496169455,1.1050578551,2.23072697845,0.21595986818
1.01084016578,1.52363101537,0.361020903119,3.53993158392,1.34019386717
0.852415696414,1.63022248229,0.459369614592,3.74112370162,1.55435176823
0.524940353292,1.55965182815,0.51474490655,3.8271869557,1.70104642456
1.96639612721,0.677781222942,1.29283733863,2.04090333343,0.500109088244
1.49220891963,0.11976257791,1.0662757356,2.52176135613,0.990733962174
0.984038703835,0.645556773256,0.565059072728,3.00528659827,1.11404187231
1.01981870951,0.597846791348,0.96378432515,3.08605656483,1.45678040731
0.671261722953,2.21628121343,1.47635009126,4.65998320799,2.646727592
1.79920879552,0.663368195364,1.09557877968,2.2306055847,0.415444729685
0.705117730278,1.14582165426,1.1397063981,3.63104846518,1.94547954327
3.09068037249,1.96701087398,2.25947798041,1.53701299496,1.08714906339
0.0924736914633,1.58905950692,0.835672186856,4.00039034154,1.98414204464
1.78835020408,0.237486911864,1.34743821086,2.25209390219,1.01418423411
0.234526434646,1.7396812756,1.11094961245,4.19482940332,2.23546052893
1.50352010018,0.794233683226,0.726834662839,2.59910345518,0.504483466071
2.2723722996,1.766734714,1.39570676896,2.63240701498,0.742481315078
0.660846997413,0.930954265186,0.823053197258,3.40968666881,1.6209922677
1.0013438275,0.84956597695,0.329004963806,3.04993668019,1.00404348139
1.67206373477,0.78883267757,0.904258388869,2.42363530981,0.357755849706
0.267245723565,1.81039873209,1.11994632268,4.25365843548,2.2656242973
0.860469757853,0.863937971809,0.347470992944,3.15788995945,1.15340848719
0.995999458962,0.781807066396,1.12906346181,3.25428582125,1.69093225083
1.62864111762,0.782355029556,0.860242997566,2.46668004078,0.39441854295
1.60997928702,0.962916430841,0.781428541408,2.58803767946,0.405963650402
0.449455521378,1.20182829449,0.921008292009,3.68190998668,1.85571173285
0.431664410858,1.4835082212,0.512855737872,3.79215451742,1.69619525042
0.83650052863,1.23944257333,0.0714820384131,3.3942024269,1.25281140568
1.22933729317,1.01392005458,0.379960973688,2.96609541055,0.807651431985
2.48568918497,1.13872318654,1.77258445236,1.55337428377,0.695787877212
1.47119886714,0.654634484062,0.755928417222,2.57324752159,0.577113138031
1.19509654536,0.78950276468,0.460272281723,2.87299594986,0.811145912637
0.703784925334,1.1270245527,0.201175408903,3.39072957384,1.31316098371
1.82031530384,1.15600023817,0.96537470613,2.50506719589,0.293203512369
1.94267714863,0.946998504473,1.15519979388,2.19918447522,0.131901716398
1.17673708605,0.852095091236,0.409424778031,2.91658188366,0.827064695444
1.70174863878,0.917206533317,0.893314196423,2.46219905989,0.301954428431
0.330089201053,1.84330922594,1.19882190559,4.29933835636,2.33375687104
2.47759667964,0.93063619744,1.95194921767,1.57611424165,1.18504568341
0.424031921033,1.14285862792,0.602773621596,3.56492078526,1.61696520399
0.444635007832,1.21380125183,0.461374110025,3.57975330606,1.55931282705
5.84871234239,4.40835381368,5.10153886566,1.95302532364,3.9220891663
1.22875591715,0.824450385579,0.464055555168,2.86094609776,0.775027195954
1.60335273259,0.897383858146,0.793715087557,2.55428958615,0.401030118363
0.738348115786,0.841216088303,0.54485863309,3.25087238235,1.34660728103
1.16158601527,0.718447989483,0.489351535159,2.87296617974,0.859249670472
1.14946190736,1.18254129743,0.271759307526,3.14591872039,0.962842071177
0.98246684868,1.68576496911,0.509462476909,3.72581840979,1.52311284623
0.971853424847,1.41545232402,0.253461898587,3.46120994075,1.27305594065
0.761911218815,2.20753730968,1.19611450417,4.51469149942,2.37226032117
2.89732238011,1.37112595488,2.30457684211,1.12144200117,1.35455497134
0.301632783989,1.2773413775,0.630203275466,3.69007215307,1.71026958547
0.301198765857,1.85729247445,1.11519068771,4.28771016899,2.27543473538
0.712066893175,2.00738139308,0.934693175913,4.2579285565,2.09695558049
0.900754022135,0.810198794161,1.04168648317,3.29489794248,1.6652766497
2.64419932066,1.24220069694,1.95056974373,1.37278645896,0.882682877084
1.19509654536,0.78950276468,0.460272281723,2.87299594986,0.811145912637
2.07122327712,0.51431874585,1.62429800181,2.00702921848,1.12101919276
0.975738294594,1.18857921672,0.0997950565407,3.27031236084,1.11293938336
1.33112653483,0.575987171795,1.31669743943,2.96851221724,1.61438458265
0.54675546814,1.17360291978,0.355710653254,3.50379760785,1.46048252663
0.687145499395,1.07844635363,0.256185044882,3.37122205614,1.31871889098
0.930777863778,0.810664809001,0.377307389314,3.08686590926,1.08767106581
1.46567386971,0.192357014641,1.00503592142,2.53461600821,0.934609761474
1.79439012956,1.5284577915,0.923488126258,2.90145902112,0.737951189997
0.159528428885,1.55551568581,0.758483701458,3.94883321019,1.91506763267
0.448844635345,1.24503758959,0.439803146049,3.59679959977,1.5597703909
0.586718100767,1.55512616415,0.475879652113,3.79623993186,1.65780624805
1.27603129075,0.311506760909,1.04042269321,2.79933473667,1.262934005
1.23794808975,1.48573130692,0.445662514474,3.34816553568,1.1344313877
3.37087658011,1.96014879288,2.64611795407,0.745466686026,1.49800310557
0.406069057516,1.28680840331,0.476036364251,3.64390796915,1.60570699227
3.2610631616,1.70871961618,2.71674913621,0.91955654857,1.79391708081
1.13211014403,0.80740055116,0.410111319267,2.93157036113,0.873527102972
0.816077427733,0.960421157492,0.258972722768,3.22991145897,1.18771709646
0.687094997762,2.20405261773,1.5283892111,4.66429907086,2.68495062845
2.11827012398,0.855581970016,1.40566396661,1.91765549646,0.435682459396
0.141844987337,1.41589838319,0.779996845837,3.84789075905,1.87790662815
0.670322842521,1.22164691303,0.207511443699,3.47232988167,1.373636614
1.40456509093,0.272305053245,0.921223912866,2.58801294197,0.907460629496
1.5525751443,0.519720271665,0.896679474947,2.45560648013,0.60145551977
0.847852156622,1.06625158073,1.21072091221,3.53972992983,1.93015043254
0.695104819918,1.24085655491,0.185328672866,3.47332014871,1.36315131074
2.75717367631,1.31627903485,2.08291555796,1.2425681955,1.03054097223
1.24217071676,1.33491909909,0.386354728548,3.20316685038,0.99481165975
2.38815907614,0.8333127626,1.94855875133,1.76682078304,1.33460990737
0.708580832366,1.05032157397,0.258801191256,3.34312500899,1.29582990226
0.748877188324,1.39294963404,0.245940591264,3.56804683521,1.41716857188
1.95411015299,0.971642005814,1.16063689158,2.20130351142,0.106826561907
2.04013655674,1.22056968643,1.19489491296,2.29432649514,0.161619595759
3.2923671308,1.76874846576,2.67854406753,0.730385679921,1.66063484399
0.629677213357,1.23292117688,1.140890778,3.72024448893,2.00019945263
0.365996862146,1.59449764234,0.645851639025,3.92308966864,1.83035410692
1.06748369846,1.08557469049,0.203678541032,3.13498305128,0.984494059628
2.20554043318,0.985403254576,1.46237504964,1.87090775346,0.389789666475
3.71001811617,2.2804395296,2.98757174215,0.481339949583,1.83464362453
1.66993925352,0.690407059231,0.940327454423,2.38325359849,0.416428237605
1.24950905826,0.766093958695,0.512631091234,2.81757983704,0.758877553401
1.17879512106,0.407310734355,0.790997586932,2.81837895223,1.07289165781
1.6053750909,0.804149409377,0.827645649216,2.50156372603,0.407703884155
1.86059083319,0.706414942748,1.14908830978,2.17505031178,0.384102266792
2.16117776403,1.59582764591,1.28359797322,2.55274997287,0.575607065544
2.82532711831,2.1079477719,1.94777967708,2.33911088678,1.03338692557
1.88936039019,1.10585910872,1.05105468797,2.38234455698,0.167906447776
0.813386652628,1.76884771899,0.614921837175,3.91340304565,1.72824694447
0.829315281463,0.757648960466,0.556149352957,3.15981874008,1.26933624629
1.07121875895,0.507545089411,0.72168891786,2.92458500085,1.13710592843
0.222373253039,1.77756638665,1.05634193613,4.21054909155,2.2081233886
3.95009193248,2.62373086592,3.164433111,0.893080275419,1.97770776696
2.12819861894,0.590350611707,1.61406653452,1.89869283161,0.989397518539
0.650866742757,1.32624556278,1.22884868097,3.81156334453,2.10343621854
0.600289721826,1.22957865564,1.11103215708,3.71766553991,1.98184134936
1.61117197747,0.422185448487,1.00183556055,2.38142423262,0.660481973016
0.551590797029,1.0485850601,0.834877193049,3.52540551001,1.70835917549
0.381719667864,1.26310707761,0.514735274505,3.63985884419,1.62249994609
1.79530743961,0.729368671968,1.06361850493,2.25972271363,0.347230570509
1.56440528348,0.209940747132,1.06767316641,2.43207257658,0.86988745308
0.932690411352,1.56028594435,0.383894738487,3.62382036187,1.43052187504
1.46767223387,0.900215427507,0.65212256875,2.68953330445,0.540322466492
2.2312195382,1.46219515832,1.36673193541,2.29343530012,0.388622845397
1.94484141279,1.20090530729,1.09308935882,2.3969052149,0.212487233261
0.747409633074,1.08831785489,0.183513472703,3.34194426472,1.26566164241
0.77930615985,0.819371723641,0.50834887361,3.20972515414,1.2902238151
0.186146784505,1.43049734685,0.692239767094,3.83305178841,1.82233847546
0.351517465896,1.77788671974,0.860126822186,4.1328745212,2.04554250173
1.93214946493,1.40672619612,1.05588341446,2.61633465423,0.478841144901
1.03996281489,1.93310676886,0.757291078955,3.9786782179,1.77012712753
1.15123880485,0.407103126548,0.849010659207,2.86569271593,1.1732003499
1.81393327643,2.3209246192,2.51422249259,4.62802679147,3.28848872866
1.31246838187,0.579201149962,0.668600552078,2.70039372866,0.758217870207
1.06711944881,0.771440149895,1.19713355456,3.2282548384,1.71642461163
3.1698171607,1.69495978441,2.50270017862,0.823111204487,1.42538441081
1.48179177146,1.39547494375,0.615882896275,3.06353960371,0.849086769059
0.852415696414,1.63022248229,0.459369614592,3.74112370162,1.55435176823
1.27859798092,1.53524731509,1.81411201568,3.90156572174,2.50273584748
0.979017740617,1.44318036441,0.280406447343,3.48237024705,1.29107359196
2.12412779526,0.582786254593,1.61685423435,1.90746002057,1.0041795625
2.5042896072,1.72374135729,1.63329257122,2.2340146043,0.649017768178
1.45505555765,1.02918828349,0.60251087547,2.78278802097,0.593319129001
1.80082254621,1.4938860603,0.926505472744,2.85663424546,0.691044439907
0.412071407102,1.57409989894,0.597516547352,3.88590843142,1.78375765322
2.70316725866,1.33070623085,1.98751503867,1.34370727731,0.881217447096
1.92032081406,1.3913617797,1.04446806379,2.61388781867,0.469043868585
0.852770238377,1.69344712358,0.525602341981,3.80842105337,1.61949830591
0.741625503344,1.38516306065,0.242196537853,3.56505965766,1.41665037287
2.84666871417,1.36062053419,2.20638230252,1.14226783717,1.19332200181
1.31394245375,0.313076864317,1.10557431043,2.79112477709,1.30909926482
0.370094459322,1.45741897302,0.542045050009,3.79180777886,1.71596759171
0.852415696414,1.63022248229,0.459369614592,3.74112370162,1.55435176823
2.82436973747,1.39757262262,2.13559262241,1.187780852,1.05566324703
0.332858978796,1.85002083652,0.993199510202,4.23738929783,2.17371564228
0.733534626783,0.823463786027,0.67427882689,3.27502609209,1.43628340315
2.43954377326,1.65604538667,1.57024554611,2.23753676123,0.58044738519
0.792055235744,1.74359201398,0.592856507142,3.89611246204,1.71423126116
0.648166764246,1.52241396681,1.34813560698,4.00770445926,2.2797445872
0.27889572418,1.53659653537,0.658538829858,3.89530636208,1.83071898972
1.12630296794,0.533977837165,1.05732325323,3.01525107369,1.46330715653
1.05444651829,1.49633293435,0.351697343456,3.4853880846,1.28291961503
0.338220867685,1.87510722345,1.18979471319,4.32251369358,2.33721667594
0.796133461649,1.12834961225,0.105677488343,3.33865357114,1.23494775756
0.754980884066,0.807136098506,0.618893836213,3.24143352428,1.37786880725
0.970929849351,1.2494671928,0.120840248713,3.32017255653,1.15251092616
1.22329419939,1.02425293457,0.370886361519,2.977565709,0.817201357346
1.54631493634,0.332275610043,1.35591224021,2.65898221738,1.40871591033
0.756013379372,2.29208109874,1.379562744,4.66662333762,2.56672562595
0.513635484992,1.3361301719,0.373550035818,3.63338664391,1.54600849498
1.241604284,1.63527395375,0.538692518291,3.50040567792,1.2849558494
0.538016106957,1.96681562672,0.988988991439,4.2938838401,2.17471746953
2.56777503171,1.9156540004,1.68999616109,2.43023848951,0.841720918992
0.985078562732,1.4798798322,0.315111437422,3.5133226914,1.31874836887
2.04975559205,1.85685301001,1.2028586276,3.02812404742,0.979879340845
1.93605629844,1.27599607129,1.07173709781,2.47830952328,0.312677487009
0.83893991671,1.27159198283,0.0994818769059,3.41775522899,1.26957007798
1.94921526443,1.07356811143,1.12592272032,2.28284035333,0.0672480615035
0.145567389921,1.57290265176,0.996801018045,4.03075429307,2.09218288593
0.943121531352,0.623165761236,0.677097591922,3.05504542012,1.24111921872
1.30215659264,1.68888142975,0.604614351308,3.51504829149,1.29968936495
3.71590126849,2.25554121954,3.42549333563,1.86655178837,2.79639563883
0.955952361931,1.03818823875,0.149034119159,3.18109030946,1.0671913745
0.932497526409,1.53163989495,0.355758307474,3.59537178171,1.40364065944
0.48157616337,1.84087911466,0.850356633919,4.1559710593,2.03653897783
2.86553537526,1.32998152196,2.29093264962,1.1722903322,1.37184294076
2.24041679496,0.916240784417,2.06767197296,2.36677252857,1.83951893015
0.309131636716,1.2481556015,0.700950803832,3.68465563502,1.74273666708
0.481641894239,1.39836776992,0.425064913289,3.69764096659,1.60448828722
1.55132706117,0.790688512661,0.776583742294,2.55007268698,0.460027993441
0.863330742982,2.41962185947,1.56872135781,4.82775994713,2.75522561505
1.61509799789,0.700891632995,0.877998928357,2.44540236184,0.442515353031
0.190268205686,1.58281726987,1.0359438442,4.04689321991,2.12246408444
1.36813208128,0.637700924846,0.675201703628,2.66534640412,0.677256903459
0.47998469877,1.35730445302,0.40940753314,3.66469982928,1.58121605569
1.21957235835,0.417025963781,1.07101226565,2.89813834095,1.37578755152
1.34642528653,0.567874471003,1.32544316503,2.95437629459,1.61057158832
2.3550105299,1.02389214888,1.64606159998,1.67777939526,0.601552545356
1.73432026328,1.0264891346,0.898989831509,2.49968244424,0.294254691438
1.27859798092,1.53524731509,1.81411201568,3.90156572174,2.50273584748
0.81517981843,1.24332080749,1.30803191668,3.71443466756,2.09307395364
1.2529684858,0.387149077294,1.08971458929,2.86561907083,1.36213879667
2.09539323547,0.54649879891,1.69471706785,2.04046530159,1.24138434483
1.35603534104,1.60083358758,0.584385088793,3.37748188412,1.16264719512
0.37540748435,1.60596831667,1.18771379516,4.0885521515,2.22986598288
5.49136030913,3.94988322632,4.87089933474,1.56334507596,3.77891917301
0.2942433411,1.61900556534,0.716948991183,3.9727965572,1.8968063899
0.307394818582,1.48802031424,0.60659515561,3.84097287127,1.77634470808
1.62864111762,0.782355029556,0.860242997566,2.46668004078,0.39441854295
1.19292058441,0.364932157325,0.882352540102,2.82748520078,1.16028577769
1.33175414095,0.819442801374,0.552915965325,2.77055499242,0.672042721462
0.82291671842,0.965822658649,0.247907243239,3.22807269812,1.18076393236
0.756914092531,1.25694794581,0.136776268679,3.45235625583,1.32400056484
1.44276629703,1.08448813317,0.578612783906,2.83320452162,0.634127619317
0.250765902429,1.32713495269,0.827188476336,3.78293494901,1.8667086892
1.07221100312,0.799149789496,0.3901312273,2.97506700919,0.93633725561
0.699927711334,1.31033403156,0.209832443295,3.52425043319,1.39718859686
2.04893985451,0.508140224283,1.54959714423,1.98102765084,0.985126318905
1.25243726536,0.375492732682,0.801908270056,2.73905315558,0.984500904451
3.40873047733,1.9269038184,2.73921984124,0.584672006804,1.64658490777
0.424031921033,1.14285862792,0.602773621596,3.56492078526,1.61696520399
2.94528792978,1.42454300469,2.34172542437,1.06538601151,1.37008332991
1.91628961365,0.395952704892,1.40822954412,2.09695687716,0.908136009946
0.656596468752,1.70702267234,0.599977135525,3.92258404003,1.7630647632
0.956810384502,1.59903783687,0.423247537367,3.64909952126,1.45145106066
0.647628551458,1.5406639799,0.431147417303,3.75441783758,1.60551988329
3.1339129668,1.70584941457,2.43024357419,0.904537678447,1.31148588929
1.9261402782,0.629053242729,1.26542326526,2.07549520654,0.528047562457
4.27449360911,2.72041336399,3.71549865515,0.731016566788,2.71328120227
2.09835363929,0.543196416138,1.63315952276,1.96629282107,1.09232508861
0.790448652895,2.19167262533,1.14921972193,4.47197117657,2.31655581199
2.15783757822,1.13865213877,1.35009622563,2.05848055807,0.164679319655
0.448844635345,1.24503758959,0.439803146049,3.59679959977,1.5597703909
1.03424722651,1.60865308392,0.442871967712,3.61177948064,1.40665534838
1.12003437358,1.82546946662,0.655222217907,3.7982754073,1.58510842429
2.37568584082,1.11783456472,1.62995455694,1.71184596903,0.515108093716
1.94140945695,0.633572007088,1.28280927581,2.05905476192,0.536810354303
1.36441362993,0.250363833134,0.926880382276,2.63515209356,0.978704595796
0.187614813808,1.61625389578,0.790298877592,4.00305389611,1.95698228712
1.58407887437,0.0303071031974,1.19192378279,2.4582161186,1.05966008997
4.81953583448,3.31069153773,4.1496045432,0.831203586051,3.02338476052
0.754980884066,0.807136098506,0.618893836213,3.24143352428,1.37786880725
1.40408165355,0.297163769324,0.903915879879,2.58638018291,0.883500888907
1.43425650477,1.32981718248,0.562052090894,3.04315527066,0.827567196763
0.751376776557,0.856387215455,0.869718562214,3.34093196698,1.59686090315
2.63061141418,1.15424182137,1.99479802313,1.35818604478,1.01962344068
3.68805004352,2.16906909965,3.05462112113,0.343037400193,1.99084138377
1.33755410975,1.193741595,0.459845240909,3.00808337374,0.803643973955
5.40170645424,3.86867385677,4.76325797822,1.4434021791,3.65660229372
1.18672993576,1.11587097597,0.313433093841,3.0686304658,0.892338239117
0.347603892871,1.58157557458,0.646612110689,3.91648770749,1.82933518494
2.44073742488,1.09426104589,1.73142783298,1.59306139424,0.668617996118
1.45505555765,1.02918828349,0.60251087547,2.78278802097,0.593319129001
0.521044792977,1.50419618646,0.468717923455,3.77549566245,1.65604471023
0.913095654528,1.04362933954,0.133574596454,3.21267565412,1.10719175546
0.708580832366,1.05032157397,0.258801191256,3.34312500899,1.29582990226
2.31655468281,0.849382171178,1.70037209912,1.67258706853,0.835114784771
0.491763044554,1.13614235886,0.46311605236,3.51352245938,1.51559995067
0.449455521378,1.20182829449,0.921008292009,3.68190998668,1.85571173285
2.43044529254,0.873452989528,1.96401473508,1.69360878344,1.29887254721
1.16731855433,0.492914964533,1.07338964942,2.97205851672,1.4395782936
1.87165346443,0.866569055334,1.09988434415,2.23731489358,0.210003814005
0.377563744846,1.61517620749,1.19386260826,4.09772606561,2.23799130146
1.10985297487,0.604946152998,0.571955560185,2.88648503696,0.968455230269
3.72049979807,2.37909948751,2.94684675792,0.822485191665,1.7634821532
1.33175414095,0.819442801374,0.552915965325,2.77055499242,0.672042721462
0.747732872898,0.981073359469,0.29438081324,3.28403508808,1.25700011851
0.742525094065,1.30112173174,0.173949112052,3.49462657433,1.36022266059
0.729113126976,1.02278481324,1.05271715547,3.51009237051,1.81889981672
0.580415444085,1.72666164948,0.657006386642,3.97894390733,1.83344790838
0.193693635106,1.69802004967,0.884956409373,4.09524760369,2.05317213258
0.536305992278,1.1644226936,0.374364204,3.50378432648,1.46875695658
0.254556772932,1.64269181322,1.11202584313,4.11237659932,2.19812339989
1.52791224712,0.883072672218,0.71943801202,2.62175374705,0.476865106696
0.762277433186,1.1468040373,0.128537968227,3.37048379542,1.26981609712
2.47474302293,1.27684029483,1.69650581388,1.69652135388,0.526517664494
0.833108257332,1.20351878453,0.0493070568202,3.36930662452,1.23653958843
0.363092168357,1.47956873872,0.559965106192,3.8140239715,1.73600481137
1.03563425749,1.17077525395,0.157840231011,3.21733640541,1.05325841588
0.478893457544,1.94895745875,1.01166794366,4.30023038901,2.19902373279
1.120478017,1.431434169,0.337604110959,3.37923819903,1.17449425574
0.39817021998,1.54616624648,0.582944465956,3.86361167073,1.76754157145
0.525028417065,1.8871953088,0.883592820284,4.19464879806,2.06787209636
0.644287110292,0.949297945644,0.493160387983,3.34542913355,1.40130733224
0.179589661247,1.38812858709,0.727493490599,3.81043461347,1.82949467441
0.657412473837,1.14704072123,0.241034213146,3.42888979748,1.35823623399
0.340639210018,1.51403131797,1.10899043081,3.99514262726,2.13724307938
1.0581917059,1.23179531729,0.189727271978,3.24868440553,1.07049978341
0.471850352613,2.0285850777,1.25096312408,4.4542613588,2.42378424227
2.25194899276,0.944956759295,1.54242085764,1.78104049279,0.525039393993
2.19240730079,1.52981854194,1.31868193768,2.42924582757,0.478910218547
0.657506580486,0.983687040825,0.405000168665,3.34456130022,1.35951687211
2.42826148154,1.72374482635,1.55309488176,2.35136143589,0.64911594582
0.877189997633,0.917032717702,0.274683673987,3.1684980193,1.12714330549
1.26520085002,1.08852822607,0.396769991123,2.98771472285,0.806454836092
2.18045145243,1.28638118564,1.33967400766,2.16846486104,0.215202907219
0.86333283607,2.41924221472,1.60888205155,4.84420280084,2.79238938914
0.631580950617,1.40223517356,0.318796165158,3.63443764686,1.50557412682
0.953076510413,1.01720061538,1.27078422353,3.47504047331,1.92570354054
2.34557527781,0.812995476808,1.80045218683,1.67631072496,1.04260497402
1.66932702746,0.196072809172,1.18654455503,2.33744464292,0.901955595247
0.687145499395,1.07844635363,0.256185044882,3.37122205614,1.31871889098
1.32091061917,1.1251710714,0.447754637593,2.96883310954,0.774665706157
0.633341999004,0.984225779292,0.444546939657,3.36198717761,1.39205233114
0.820460472206,0.966257929146,1.10008056665,3.44914780277,1.80636042081
3.05203674648,1.71010249956,2.30082912532,1.11067907123,1.13742197493
1.56433333858,0.116746973723,1.11846053739,2.44854099914,0.960408748891
0.776792461819,0.867460040336,0.933750843004,3.35534716139,1.64426586613
0.782405513761,1.20678533195,0.0965749131795,3.40083920492,1.27852081029
0.721878251676,1.25732333707,0.165950188015,3.47149960356,1.35094955407
1.4743678175,0.987218957922,0.632840935481,2.73673140817,0.556186786296
2.62949831987,1.15950066416,1.98795069444,1.3594322447,1.00386266001
0.493830322103,1.62552497175,0.595940564339,3.90653359023,1.78223625732
2.35200151512,0.832739375962,1.78652075568,1.65609197637,0.994114715582
0.779585615231,0.988177628065,1.07558284778,3.47364607937,1.80817566169
0.751376776557,0.856387215455,0.869718562214,3.34093196698,1.59686090315
1.12747735452,0.922061624568,0.332540734184,2.99115120512,0.881485002886
1.21604781074,0.355421439167,0.977922790049,2.84239015939,1.2529183644
1.02746847566,1.3037684559,0.196087406041,3.32789453284,1.14413207368
0.647936964983,2.19354271714,1.45383890932,4.63668048095,2.62368015863
1.16907180429,1.5288531794,0.429446611458,3.44060344601,1.22886306077
0.70333694568,1.42702733364,0.298102010695,3.62138761577,1.47445203725
0.455782004041,1.9347151064,1.32898705898,4.40191898199,2.457231675
0.694922098718,0.870672986487,0.586708264736,3.2976138062,1.40833307767
0.82784071702,1.5231392221,0.352505235006,3.64630448609,1.46890078711
0.135256566485,1.46766995983,0.742653890935,3.87824222274,1.87308834751
0.58391711521,2.10112678408,1.43196672181,4.5601445984,2.58391959183
1.02949264207,0.537397565594,0.726660153453,2.97112823353,1.19025837618
1.74774569944,1.49519397785,0.876277124567,2.91319858181,0.735400409534
1.2529684858,0.387149077294,1.08971458929,2.86561907083,1.36213879667
0.548637367672,1.31725133599,0.337217742255,3.60295559624,1.51092843903
1.88469953518,1.01323587042,1.0689343251,2.31652853007,0.119444935534
1.44934268315,0.250187861542,0.959014241575,2.54373371454,0.889863062566
0.657526627395,1.12874894631,0.251492354092,3.41746537055,1.35383671267
1.51560363377,0.889024759386,0.704780411169,2.63717063328,0.489957553351
0.481797806578,1.22642627147,0.408190301902,3.56914810611,1.52749275842
0.656934685305,1.19453765152,0.22410352461,3.46038789725,1.37349410987
2.01548946485,0.50598562772,1.47898447572,1.99010070394,0.879083126015
0.712066893175,2.00738139308,0.934693175913,4.2579285565,2.09695558049
1.93605629844,1.27599607129,1.07173709781,2.47830952328,0.312677487009
1.2762605343,0.702869139705,0.568912427388,2.76989809671,0.745007896669
1.65892337109,0.655343801892,0.94318066516,2.38233559632,0.447077232979
0.575300535487,1.69842317901,0.628385484629,3.95000036127,1.80599604019
0.335598394712,1.22185315067,0.687896977851,3.6582056202,1.71971991061
2.9227895766,1.39844145391,2.32582817715,1.09320997824,1.36642779761
0.804996145679,0.997455514288,0.224451259228,3.25568839584,1.19937997473
2.5012728196,1.13105381334,1.79972197138,1.52389725894,0.739629622987
0.85370553994,1.35800909037,0.182003886612,3.48052316028,1.31594373462
1.94484141279,1.20090530729,1.09308935882,2.3969052149,0.212487233261
1.10964836658,0.68432024048,0.49825701102,2.90513665437,0.927308432273
0.422784257345,1.65270975572,1.24536637097,4.13727085194,2.28729350197
1.39677976448,1.24193877217,1.74895725351,3.54194376034,2.26793980253
1.65222145531,1.55035193565,0.797812808946,3.06727727492,0.876402726092
0.647298025582,1.3576223278,0.277126798816,3.58906756094,1.46448370811
0.674698058468,1.45030570481,0.33338390181,3.65645363427,1.51201369571
0.869589007634,0.689147866386,0.751686405163,3.15467352155,1.37933713639
0.687145499395,1.07844635363,0.256185044882,3.37122205614,1.31871889098
3.53257120615,2.23802426965,2.74321594289,1.00882999653,1.55643223374
1.08211727592,1.09039620949,0.215922043182,3.12785553941,0.973573951242
0.239986329188,1.42744814665,0.639095344077,3.81202149118,1.78228223591
2.31707698787,0.939775249152,1.63784408043,1.68931679546,0.65896944668
0.272044570184,1.37582697466,0.6068231594,3.76149903306,1.738729925
0.616147375786,1.7946711701,0.717295505642,4.0404140535,1.88797554279
1.90795061054,0.874203739771,1.13936179383,2.19754832257,0.205508070872
3.39611363502,1.91592854745,2.72541688749,0.598236014411,1.63199894042
0.894826463676,1.29442683728,0.119819202791,3.40328662358,1.24105123234
1.29682806546,1.3103872474,0.429983432693,3.13916365261,0.928756103167
1.95411015299,0.971642005814,1.16063689158,2.20130351142,0.106826561907
1.25775393049,0.38497603878,0.791926437313,2.7323984349,0.965481372921
1.11200972991,0.534420808731,0.648311959788,2.87690904491,1.02222501357
0.806598763407,1.42189633963,0.254129135732,3.56294874176,1.39824910954
0.596028466386,2.09415143271,1.1541880946,4.44818640741,2.34117026824
1.27342378447,0.329810025893,0.850060301979,2.72330443973,1.0119820655
0.485558355043,1.42569275243,0.436887087043,3.71932077701,1.61988604132
1.44357789383,0.628586606677,0.743486513472,2.59142665807,0.612920922805
0.453139598194,1.10405778929,0.659137065932,3.54453275185,1.63082777406
0.86913840099,0.726532017508,0.554457083171,3.11970315682,1.22924144443
1.64257250295,0.792110801742,0.871427692114,2.45670031572,0.379493775381
1.05755122434,1.35488210143,0.248698458117,3.35199501089,1.15902091068
0.514031693429,1.60215802203,1.28990762816,4.09027442181,2.2892919629
1.16853971748,0.834148539141,0.414603314485,2.91458412723,0.835220427836
1.57295824467,0.228014787045,1.06572778903,2.42155269977,0.850952036251
1.42385646562,1.3921956658,0.562471712881,3.11035277843,0.894755764284
2.61883628925,1.07423610748,2.20732526186,1.66268226812,1.57189643947
0.70271121047,2.12306816894,1.10548741833,4.42426827399,2.28215579858
0.386807562869,1.20777369585,0.558192048801,3.60855973277,1.62411271705
0.8830765623,1.244468986,0.0684871434645,3.37059029808,1.21914461437
2.15765879055,1.72906306129,1.28334952548,2.72934267511,0.749162189491
1.04480347403,0.990360875747,0.232932024313,3.09093012141,0.973337897571
1.26517495641,0.737105581521,0.540888269383,2.79241392855,0.748039984023
2.8120557141,2.16914217113,1.93464358715,2.47177398387,1.09288924184
0.159528428885,1.55551568581,0.758483701458,3.94883321019,1.91506763267
0.3704991502,1.40343732223,0.518142432915,3.7458692545,1.6817969468
1.79907117389,0.752191230058,1.05886996847,2.26515140566,0.324960667984
0.956330867493,1.69957170366,0.522698690626,3.75642139328,1.55585241019
0.464457273082,2.01733233588,1.19477876685,4.42592102052,2.3743246686
0.600682834496,1.7553333989,0.679362661259,4.00218168907,1.85251014864
0.796133461649,1.12834961225,0.105677488343,3.33865357114,1.23494775756
2.50038407319,0.945571882741,2.05545030315,1.67590661406,1.40193177536
2.07385711799,0.521764934828,1.66470048755,2.04649756495,1.20993827845
1.14104613074,1.12854358424,0.265987267058,3.11193232375,0.939692215187
0.233080366719,1.72429213085,1.11085097459,4.18207384842,2.22977726681
2.47474302293,1.27684029483,1.69650581388,1.69652135388,0.526517664494
2.27589362539,0.790514720047,1.9662991716,2.06775698645,1.561849735
0.622073421529,1.98634641923,1.49816143741,4.47041754807,2.59107329899
1.69760930924,1.59513930362,0.846740027601,3.07348195235,0.893636984608
1.26134122323,1.72910910085,0.61376145908,3.59022842459,1.37457643698
1.65940648767,0.696905226208,0.926388318997,2.39703710558,0.41753320807
1.39197435525,2.92908388626,2.16909790962,5.38053038335,3.351287598
0.912783423617,1.07079007684,0.10732743108,3.22970962203,1.11535037367
3.26857451832,1.75840735849,2.6363248574,0.730011644488,1.59644429977
2.19889868313,0.69299618983,1.63339891845,1.80207987833,0.897835685952
0.535252934846,1.60228748276,0.549436688238,3.8655806452,1.73393720861
0.365974474902,1.87385927493,0.998172286544,4.25380389156,2.18138160911
2.79258549956,1.34738899372,2.11941699701,1.20620578783,1.06470970797
0.81050254985,1.61657742541,0.452658104425,3.74952155227,1.56899493128
1.30021509604,0.296543990656,0.883158338235,2.69971012226,1.0153114793
0.332858978796,1.85002083652,0.993199510202,4.23738929783,2.17371564228
1.81068486171,0.661668514112,1.10963630258,2.21700880344,0.419508490799
0.412162284343,1.51495679223,0.549048398494,3.82866105348,1.73298090478
1.20970127271,1.0059911089,0.363883894199,2.97662940824,0.82348213863
2.8284119503,1.29471427345,2.25218990855,1.20374298735,1.33618583951
0.449942851542,1.85781488886,0.895718729023,4.19142818263,2.08299716428
1.20765054732,1.29033450355,0.343379805365,3.19025024068,0.987782880156
0.1852607204,1.60437758734,0.780498705088,3.9911455039,1.94609420496
0.8298312775,2.14792974614,1.70536404865,4.6358770114,2.78926573741
1.48663409373,1.028378162,0.635399639597,2.75289628333,0.560841850689
0.78386034979,2.26928731639,1.64037168589,4.74049362055,2.78717849769
1.08926820804,0.614408443415,0.562973082904,2.90628467181,0.988436792047
0.447403555239,1.81594339002,1.31812660303,4.29581774554,2.40507062312
1.68199538557,1.05186405523,0.83658785227,2.57470194295,0.366131113415
0.8298312775,2.14792974614,1.70536404865,4.6358770114,2.78926573741
2.36133819366,1.16862792568,1.59070854208,1.77802112625,0.437672139689
0.934209530205,0.699937114524,0.522344410204,3.05632758173,1.14315722508
0.527323913811,1.47780106154,0.443607784502,3.74837622309,1.6309457037
1.80740968152,0.435430472377,1.21725996745,2.18137084379,0.689524432956
4.03037490613,2.55895731025,3.33366312136,0.207737412112,2.19652950205
1.20759431351,0.351946744288,0.881459658778,2.80938207384,1.14028530371
3.67174507931,2.11801053021,3.12286560875,0.698464507047,2.16203363172
2.74200887716,2.13552459574,1.8652879681,2.52513382052,1.0616508459
6.14368322653,4.63921689731,5.45410780449,2.15595631529,4.30334156698
4.08828968097,2.55869063789,3.46276728707,0.276182361067,2.39327729629
1.67233663588,1.07625289187,0.821108176495,2.60312960528,0.391584054547
0.282350338295,1.80572858436,1.14976095174,4.25752752675,2.28593698176
0.455297906735,1.19717370135,0.45871367373,3.5648403778,1.54838393099
1.15972197945,1.30019437696,0.303009113219,3.23382664535,1.03499264766
0.687094997762,2.20405261773,1.5283892111,4.66429907086,2.68495062845
0.881311034021,1.53032779287,0.353966504776,3.6236482286,1.438360983
0.92818165191,2.06747056364,1.77448135802,4.55102261474,2.79554596384
0.968090519386,0.675474755576,0.532232243891,3.02286285981,1.11183692781
2.1503076034,0.997631761731,1.38747929054,1.95742936013,0.288818978481
0.707275864302,2.20634634842,1.24836978684,4.55188255352,2.4333340113
0.306849643626,1.50882519571,0.619572078019,3.86013076749,1.79212971158
2.85744180533,2.10872220445,1.9805410004,2.28511510792,1.0375191876
1.51235235464,0.23055057927,1.26947312571,2.62753317017,1.30517238859
4.03341864872,2.55749818017,3.34085200672,0.180733380925,2.20722496646
0.666178629057,1.29693187299,0.229166971097,3.53079435587,1.4142159216
0.263793763219,1.7744570945,0.935453133763,4.16567053157,2.11128160231
0.429678776306,1.4597763562,0.498747561285,3.77153658055,1.67989493111
0.789449100377,1.69421733429,0.540050721205,3.84299074362,1.66253570403
1.2736587891,0.286367369411,0.929297102943,2.7460044089,1.11322550845
2.22228988713,1.43983421779,1.35991837284,2.27950495178,0.365371710759
0.629950632993,1.66207659368,0.563063952905,3.88635148729,1.73304663827
2.53085019241,0.973859010208,2.05632760412,1.60320026053,1.3520308536
1.2762605343,0.702869139705,0.568912427388,2.76989809671,0.745007896669
1.15147808578,0.660819818454,1.19949900702,3.11067353845,1.63454322468
0.116321508573,1.65686301314,0.989857262262,4.09842452123,2.12000098901
1.59331783175,0.0570409778596,1.23148141087,2.47026366296,1.1167304607
0.570960658196,1.2948448736,0.311459077632,3.575426717,1.48319213106
0.74575848478,0.868864342869,0.881162655315,3.35416554535,1.61312893576
0.487026484914,1.3056925691,0.391726635923,3.62180595965,1.55025453721
1.79441632027,0.239803365552,1.36293521966,2.25336886026,1.03596303207
0.633071718329,1.32513132814,0.269174134003,3.56945677269,1.45453492438
0.986739257775,0.753169421477,0.427273218483,3.02496457708,1.0421683405
0.197930812388,1.36168193485,0.736817735841,3.7912215087,1.82383977596
0.57529422439,1.12749907797,0.351543133184,3.46177241094,1.42882009364
0.96014658463,1.04185838298,0.147778553003,3.18053925927,1.06446934112
3.59137281179,2.09775048374,2.92835889572,0.397834371482,1.83547150781
0.85493944321,0.718569240888,0.815810452484,3.19724635641,1.45383051745
0.992782982292,1.3137157105,0.17926975343,3.3587328103,1.17850791911
0.519343561599,1.30085170209,1.0967566285,3.78886119222,2.01593000004
0.808525714076,1.54454098979,1.47943566662,4.0168029488,2.36095006221
1.16907180429,1.5288531794,0.429446611458,3.44060344601,1.22886306077
0.117974202715,1.63597570233,0.995791527279,4.08310038525,2.11656489707
2.66468724202,1.11804214028,2.12635570942,1.39772069781,1.29615104154
0.255095149715,1.40490360489,0.622792271394,3.78926265224,1.7618198761
2.07609527901,0.52388349812,1.66638204774,2.04411130967,1.20989157797
1.07779322428,0.938286667097,0.288353004307,3.03737539603,0.93180914032
0.82291671842,0.965822658649,0.247907243239,3.22807269812,1.18076393236
0.434939088832,1.61076910765,0.616841590726,3.91439456138,1.8041349284
0.27704055467,1.28042179661,0.711773824797,3.71551095835,1.76697038196
0.496288600943,1.43033801218,0.431776309874,3.71891422395,1.61604111517
1.03388408381,0.582628794518,0.623460491634,2.95495733805,1.09777454373
1.83541895494,0.280160888878,1.43208581388,2.24139716337,1.11011847853
0.644913144846,1.88550818532,0.812652246573,4.13588515743,1.98056824968
1.85167317041,0.322167518385,1.36624681876,2.16843652804,0.937749180614
0.594694037117,2.0340417897,1.04895516382,4.35786315907,2.23309231178
1.25049167029,0.546341729712,1.21796705347,2.98412277298,1.55381418098
0.477874195765,1.25987769326,0.402846857119,3.593142155,1.53966623304
1.53214889854,0.836322508312,0.740012526736,2.59209847394,0.472150467421
0.766928632795,1.02341998379,1.09490422325,3.50836219852,1.84213546421
2.49113722902,1.3443115773,1.69407560474,1.74322766126,0.509219726515
1.64613366885,0.532547413621,0.984456986888,2.36188710047,0.5524616646
0.649918511554,1.16171633615,0.242338440713,3.44229411479,1.36859157763
1.26924283887,0.287817543476,0.948219774494,2.75924174741,1.14443805861
1.19124170418,0.40075791952,1.00160985568,2.88896275321,1.31472465134
0.675572772472,2.20620403912,1.50363013135,4.65997379165,2.66629066699
0.540681964953,1.49635065758,1.2517644063,3.98458568079,2.21223515971
0.860469757853,0.863937971809,0.347470992944,3.15788995945,1.15340848719
0.606809637855,1.37659580409,0.318092569144,3.62418556751,1.50516177038
0.826587378429,1.32870894736,0.157518415117,3.47112927337,1.31550729581
1.98876452899,0.431942883508,1.55965474991,2.09256672932,1.1204032551
2.59513612251,1.04029274835,2.09211453576,1.50725770692,1.33007827661
0.964561744495,1.26687796586,1.442053869,3.71140925566,2.1710687581
2.39566747188,0.910174792914,1.78806586834,1.59556367181,0.912791564699
0.668166417386,1.13844778712,0.233684392548,3.41762434039,1.34680545203
0.271219892313,1.80181822145,0.979041399005,4.20102109574,2.1530953498
1.70174863878,0.917206533317,0.893314196423,2.46219905989,0.301954428431
0.122950352845,1.51707532085,0.763759328971,3.92272247548,1.90652713422
1.83810980458,1.00177911637,1.01973118533,2.36389445901,0.167877787694
1.3056395218,0.392088712439,1.16278087251,2.84938870522,1.40544678342
1.73595247699,0.56090301231,1.06910641473,2.27227985586,0.516034080686
0.972821927174,1.2057048423,1.41161552596,3.64966979304,2.11702274414
0.542358008581,1.4091914874,0.38508968793,3.68098361105,1.57091140378
1.7057485755,0.826946484866,0.927172225999,2.40630649801,0.316246675222
0.513236986801,1.45422655748,0.435575347608,3.73294538854,1.62213539782
0.355458705288,1.64019314193,0.696482926002,3.97424938251,1.88157738304
0.453139598194,1.10405778929,0.659137065932,3.54453275185,1.63082777406
0.769444466676,1.32228727277,1.32230580614,3.79774099129,2.14941111392
0.362692066268,1.65683815988,0.708750194784,3.98948561909,1.894488765
2.54771086637,1.06914503442,1.92024965114,1.44140747674,0.974363854885
0.587511329006,1.76654691228,0.698722383154,4.02090184456,1.87389499855
1.04035032906,1.64093355174,0.473419746182,3.64201312875,1.43554913391
0.630186698479,2.1564370115,1.24486764034,4.52817426175,2.43222470156
1.82486786606,0.813377382385,1.06514404666,2.26425081977,0.264832528695
1.15147808578,0.660819818454,1.19949900702,3.11067353845,1.63454322468
0.374467405648,1.46795795035,0.544617665037,3.79952732139,1.72057650983
1.44139122032,1.45920877687,0.593834263685,3.16107454621,0.946696697593
0.796534499914,0.970795320793,1.07787596097,3.45570536594,1.79763917361
2.63356244147,1.0767235151,2.14795820543,1.50578117678,1.40298669932
1.22114231726,0.388569630414,0.793419977731,2.77195839829,1.0186822427
1.27465971161,0.385398821851,0.792777071976,2.71472756073,0.941886299183
1.37993883233,1.00402624156,0.53186274533,2.83346870029,0.657863367693
1.69202695699,1.1434214507,0.830054123788,2.63532234451,0.419657680449
0.631580950617,1.40223517356,0.318796165158,3.63443764686,1.50557412682
1.52842641641,0.713572699346,0.784557207622,2.53888472069,0.503734379469
2.37718850557,1.07068373818,1.65360957246,1.67443059801,0.577566377925
0.936640806775,0.620870897108,0.76500481979,3.0850075506,1.32595763306
0.426286280245,1.44452960427,0.492209042157,3.75940061147,1.67132863813
1.84183678591,0.301767872017,1.37232767637,2.18660508906,0.96975336375
0.469742820674,1.36331045167,1.10406733358,3.85052582577,2.05542636103
0.481641894239,1.39836776992,0.425064913289,3.69764096659,1.60448828722
2.18295761419,0.661174007407,1.63839801903,1.82807934849,0.942904874827
0.637040256444,1.90110745915,0.836152366492,4.15909068694,2.00629918436
3.9321079664,2.42241745328,3.2794542081,0.0945909220762,2.18623882085
2.63969431469,1.92109752001,1.76307377284,2.32538799454,0.844882251101
1.80226442205,0.283904836286,1.46074851561,2.32632026016,1.22527817318
0.462945371333,1.2952260909,0.414906563052,3.62475006,1.5638951926
0.277462583391,1.29017832984,0.666445161482,3.71155940806,1.74146022103
0.294608368901,1.60494218637,1.12616848892,4.08076737547,2.19077994002
0.900754022135,0.810198794161,1.04168648317,3.29489794248,1.6652766497
1.48179177146,1.39547494375,0.615882896275,3.06353960371,0.849086769059
3.69916072382,2.18456560929,3.05907857133,0.316522193205,1.98733638958
0.771109745637,1.30792309562,0.161461939668,3.48473602539,1.34318145357
0.256353518067,1.30072891851,0.739178924291,3.73998427271,1.79561822012
0.65451570608,2.16404728678,1.50365631148,4.62669160853,2.65539981291
2.06261865557,0.506947845474,1.60391512922,2.00272825978,1.08886168486
4.4071585957,2.97820123397,3.66925058197,0.651979934745,2.49881714199
1.03905844321,1.79988697665,0.623661563007,3.81969741762,1.61108831082
0.540826677976,1.30291167245,0.340798747363,3.59552198228,1.50933518701
0.210602105057,1.72187426065,0.904995290454,4.11904473319,2.0749916375
1.65978250135,0.614930961875,0.961544848968,2.36842531884,0.478187968883
0.272044570184,1.37582697466,0.6068231594,3.76149903306,1.738729925
1.37020139499,0.762517537546,0.613661836951,2.71004780675,0.638905338234
0.688250985003,1.44629664466,0.322917951412,3.64620066645,1.49966573686
1.63607347301,0.875349921179,0.835576076757,2.50757882284,0.367938873406
1.15210539018,0.675797933517,1.21156474749,3.12260706134,1.65136716349
1.05577818167,2.56489006644,1.57817603675,4.89521050442,2.75338192698
3.2207006821,1.87650029989,2.46368700453,0.998187614811,1.29272523293
1.62391572614,0.314690475617,1.40239918378,2.57757052272,1.38381805408
1.29179846523,0.887970421704,1.47485059556,3.24642524267,1.91244799359
2.99373795964,1.49200942905,2.36281229288,0.998886240577,1.34721008899
0.134031128743,1.43881879811,0.754810290706,3.85935833716,1.87024732392
1.43086884132,0.282689056363,0.927765329849,2.55990179397,0.873733207962
1.16002814818,1.67443395934,0.533721056251,3.60004311206,1.38628685403
0.310869824736,1.7778401305,0.893924596735,4.14945309852,2.07608569256
2.08278997286,0.534820663335,1.59449772648,1.95927371387,1.02873938648
0.2463684038,1.77672366851,1.11292106635,4.22531420755,2.24968136699
0.850505755201,0.93240322429,0.269986645404,3.19374279658,1.15370287479
0.932057058481,0.685936305935,0.547651285522,3.05705293137,1.1600894279
0.0997447269327,1.64764418716,0.910455223255,4.06830278227,2.05883786241
0.776355116998,2.33068943289,1.4722973943,4.73338212373,2.65875831495
0.365661091619,1.30680711266,0.51662218547,3.67512020687,1.64414926312
1.01373583644,1.31546911979,0.193924389886,3.34672252055,1.16339411223
0.756914092531,1.25694794581,0.136776268679,3.45235625583,1.32400056484
2.05234253489,1.4520699403,1.17762400471,2.52023904839,0.451090808359
0.543061296185,1.91030085116,0.903269819547,4.2158664595,2.08668599196
0.0871910058175,1.61037950025,0.863851071632,4.02551310461,2.01210065423
1.84384025671,0.855132084893,1.07190087754,2.26411235545,0.224195723438
0.709162417667,1.85509893943,0.746981505006,4.06739994949,1.89875216753
0.666178629057,1.29693187299,0.229166971097,3.53079435587,1.4142159216
1.20382053306,1.5775730161,0.480574688215,3.46613905621,1.25202517889
2.09256786532,0.536682070251,1.63247162695,1.97611668309,1.10133814524
2.25194899276,0.944956759295,1.54242085764,1.78104049279,0.525039393993
1.17020759218,0.927005685547,0.362911099156,2.96078882568,0.840904748879
1.08837539485,1.43824943456,0.323384521269,3.40738950728,1.20501652226
0.637769988002,1.13451787834,0.270543494711,3.43179215665,1.3724521762
1.51361492294,0.920710572584,0.692562218714,2.6576470441,0.496728472919
0.852302634041,1.84423321864,0.68852719919,3.97997991649,1.78954859589
1.06684742228,0.492139725652,0.788226832133,2.94476382267,1.20785541764
1.21218699664,0.965708146786,0.381455707274,2.9499234374,0.80890057817
1.7803788158,0.495262009083,1.60009820634,2.54371424371,1.53613123283
1.05463195248,1.70481096553,0.534541931436,3.70235300635,1.49364919941
2.2958638046,0.755069491612,1.77022020311,1.73772026491,1.05978601799
0.41117421656,1.90553752634,1.28215052896,4.36837724363,2.41415814677
1.96447248887,1.46374413869,1.08695584514,2.64044382361,0.526446110845
1.46099008134,0.418373163493,0.868645396777,2.53177856948,0.735346591271
1.45614023367,0.136477265874,1.04145420293,2.55856259628,1.00814118598
0.70217345533,1.03456028269,0.282316132893,3.33869510133,1.30151188464
0.827943821351,0.81401159522,0.446880745539,3.16695170474,1.21602554758
3.1339129668,1.70584941457,2.43024357419,0.904537678447,1.31148588929
2.04268908631,1.75213411204,1.17895035854,2.8977456621,0.846791861874
0.678244674177,1.61433184389,0.492043958211,3.81382839398,1.65419863646
1.65887520909,0.227289642576,1.37298954788,2.48581374389,1.27776729381
1.73092489984,0.246355470228,1.23467866249,2.27483478882,0.884156990016
1.21604781074,0.355421439167,0.977922790049,2.84239015939,1.2529183644
0.861485624572,0.973351316004,0.217872222598,3.2066414752,1.14311507305
1.42876454449,0.260301484529,0.941122564569,2.56400912884,0.897046631124
0.181340265153,1.42497005755,0.698501954216,3.83085487455,1.82465678393
2.69836264056,1.3172030069,1.98809895392,1.34006516739,0.889791417397
1.21350449587,0.60845328747,1.22491500697,3.04665341509,1.60541116232
0.22317488461,1.53473304328,1.0322110822,4.00400831938,2.09876525399
0.74670417819,0.911610542817,0.389826907974,3.25653862162,1.27442389077
3.39193516647,1.97058452386,2.6735252309,0.704823839629,1.53065351322
1.49774385772,0.470193670151,1.39608731909,2.78860892954,1.54301508856
0.786021814137,0.780197020019,0.607033095782,3.2080215589,1.34214589423
0.730984262336,0.885912116534,0.882606442722,3.37114531031,1.62631722192
0.272694732798,1.37242886973,0.606614688548,3.75882869804,1.73720036534
0.820737314328,1.42223248167,0.251339539042,3.55552190199,1.38846265622
1.27259107874,1.30544403519,0.406556034843,3.15382279462,0.945204953815
1.46455397436,1.36218948564,0.594813587305,3.04689377515,0.831479104303
0.447336849917,1.28592357622,0.431524050869,3.62502172849,1.57248112219
1.28830492475,1.14606477684,0.412535456785,3.01124351865,0.817297962264
1.56129780511,1.50631407921,0.708933412158,3.10443233856,0.899370090529
2.01092889706,0.453942949554,1.57236568074,2.06516445134,1.10962859989
0.268818287755,1.4201247352,0.976547256298,3.89240285561,2.00869261437
1.36627655011,1.05829186334,0.505076063322,2.8821112692,0.695205692205
0.591662231764,1.47179220234,0.398474133407,3.7148393048,1.58433775604
1.00695896585,0.550228037934,0.793420160953,3.01513979081,1.28018374403
1.27342378447,0.329810025893,0.850060301979,2.72330443973,1.0119820655
1.20765054732,1.29033450355,0.343379805365,3.19025024068,0.987782880156
1.05565873423,0.503294706099,0.840678598696,2.97621336504,1.27639209056
0.518747710551,1.74706520262,0.712840957408,4.02858303745,1.89601167395
1.02047633318,0.649704992628,0.538297584889,2.97266018852,1.05593420426
0.650154947549,1.30356134614,0.245280539136,3.54398429202,1.4297107209
1.20374780307,0.528261623735,0.654447634252,2.78999587733,0.905424994319
0.437221964315,1.70668151026,0.715078350033,4.01624184768,1.90231841463
1.79127396044,1.12596520458,0.939426679616,2.51295435687,0.297723848453
0.409201310304,1.70934327869,0.73568733656,4.03006449623,1.92300649421
0.714617127813,1.39139228263,1.32235996578,3.8718043612,2.19108262896
0.354697372164,1.75896724097,0.832600783715,4.1085661151,2.01836848019
1.21986707547,0.719899234761,0.520543416493,2.82463812546,0.798078514413
0.951598387371,0.831008746482,0.348804216689,3.07892746259,1.05936156078
1.16825621582,0.875679216721,0.389444871451,2.93505790377,0.836558903039
0.732611560199,1.22672453292,0.147375908501,3.44292621591,1.32725752609
0.943121531352,0.623165761236,0.677097591922,3.05504542012,1.24111921872
1.04526784938,1.15927862815,0.1675834138,3.20230783503,1.03893098408
1.27252571021,1.39928555694,0.433268367402,3.23889510044,1.02600841499
1.98905795698,0.444226619301,1.50515274485,2.0457088639,0.994075558419
0.548637367672,1.31725133599,0.337217742255,3.60295559624,1.51092843903
1.96477647649,0.476369446894,1.41659952923,2.03374740153,0.829978030519
1.79154028659,0.951375719017,0.982012142473,2.38357602227,0.212195338542
0.763751795815,0.794511197278,0.71290542588,3.25497787468,1.44123803164
0.443976012333,1.92466451789,1.00439285897,4.28446464353,2.19135954385
1.45473731026,0.138937287806,1.14840425627,2.61834840977,1.18372490172
0.772078074206,1.34193815769,0.189680325384,3.51218067283,1.36460005777
1.71345456664,0.516025926173,1.06496119573,2.28751674057,0.56071634708
1.78516846966,1.43780410712,0.908235857322,2.8130823516,0.636991729695
1.46455397436,1.36218948564,0.594813587305,3.04689377515,0.831479104303
0.999923581302,1.12265985889,0.129078227012,3.20692457408,1.05972327802
1.81045071783,1.05210034237,0.976193057902,2.4329621666,0.220808394944
0.135359562473,1.65526983867,0.879586567851,4.06354627851,2.03766338129
0.756184847576,1.11828812646,1.16565089596,3.60033660898,1.9414609342
0.46963135082,1.61530604819,0.600086731089,3.90562000255,1.78722918544
1.43425650477,1.32981718248,0.562052090894,3.04315527066,0.827567196763
0.443975228263,1.20384701729,0.469463102776,3.57446114503,1.55970778366
0.0886068029365,1.47603396843,0.854385377955,3.9169324675,1.95485048708
1.16256226689,0.884650683151,0.38005769552,2.94414032804,0.842865699167
0.536305992278,1.1644226936,0.374364204,3.50378432648,1.46875695658
0.627946903253,1.26206949237,0.252215261005,3.52330637688,1.42464109551
0.766928632795,1.02341998379,1.09490422325,3.50836219852,1.84213546421
1.16101271744,0.704238571983,0.49965250205,2.86862176729,0.864025687492
0.256823372933,1.36277310147,0.627496814368,3.75865055149,1.74820122396
1.72741606573,0.331297700604,1.17668072262,2.26362089014,0.76938461244
0.524940353292,1.55965182815,0.51474490655,3.8271869557,1.70104642456
0.861414020441,0.959794048549,0.233053153969,3.1997505696,1.14249131764
0.801004789168,1.51205640323,0.346491319221,3.65002034585,1.47747459168
1.22875591715,0.824450385579,0.464055555168,2.86094609776,0.775027195954
2.32082445515,2.17283441309,1.49766953628,3.16832919386,1.24788327578
1.64014309549,0.135565705503,1.30501606306,2.45396727835,1.17880726362
1.0719257115,1.22963172659,0.20206828347,3.23757848088,1.05777387945
0.296136095699,1.66644045044,0.764215050838,4.02317681277,1.94565380252
1.37091739296,0.193319665758,1.05937161452,2.68092461876,1.16316236377
2.1345962493,0.680528349028,1.53055692996,1.85464905296,0.760297924729
3.06227817738,1.71114334782,2.31530276721,1.08709701489,1.15524974797
1.94140945695,0.633572007088,1.28280927581,2.05905476192,0.536810354303
1.22271501456,1.03928140813,0.365882297858,2.98786947931,0.823646852193
1.38051233143,0.363761134431,1.22528723454,2.79331604172,1.40879264797
1.30659024385,0.680966857666,0.603739045003,2.73540940014,0.721118020555
1.56631844132,0.354254437056,1.38366144232,2.65599462079,1.43047604852
0.236949308396,1.33335112109,0.684995483687,3.75305382306,1.77515153525
1.94140945695,0.633572007088,1.28280927581,2.05905476192,0.536810354303
1.12365894965,0.648765100628,0.532461379692,2.88384357358,0.927138633233
1.71966433507,0.163348493988,1.30709225425,2.33027285237,1.05209918527
0.154599980166,1.40252788444,0.779095644294,3.83657674605,1.8713244006
1.03965833641,1.84252280979,0.665685533354,3.86928075422,1.66048616698
1.83317645628,0.691346183539,1.12315385892,2.20142121375,0.392083215264
0.411282888305,1.86087018663,0.931083215589,4.21310162935,2.11802177936
1.7803788158,0.495262009083,1.60009820634,2.54371424371,1.53613123283
7.93713170131,6.40893846475,7.27215002549,3.95447368478,6.13042690421
0.595928949004,1.08889393171,0.359359302304,3.42953563757,1.4079954866
0.525675857283,1.23927198854,1.04793216786,3.72684558716,1.95221333601
1.7874576433,0.238927911086,1.34186205499,2.24978792584,1.00404160727
0.491519535288,1.76805629905,0.753084029072,4.06420602128,1.93821359965
0.89093308751,0.934530043838,0.249988354559,3.16742570581,1.11275128122
1.1917439911,1.25067001337,0.320217673824,3.168845666,0.971732758675
1.16101271744,0.704238571983,0.49965250205,2.86862176729,0.864025687492
0.29728250121,1.25983320803,0.723522024905,3.70049429249,1.76391734055
1.74195448745,0.374680145198,1.16987948892,2.24711849263,0.724623200813
1.98273192206,0.425923852954,1.54222209566,2.08676536119,1.09158899269
1.03093631036,1.35177306173,0.229661772337,3.36678603187,1.1772684383
0.972666194209,1.57353660369,0.400101088849,3.61345083953,1.41521829204
1.03996817643,1.64919524273,0.480915903554,3.65107552083,1.44444734599
1.0467339487,1.59617765237,0.434478548316,3.59090417217,1.38515889198
1.32814859008,1.30645168191,0.458536198968,3.11069126216,0.898802197783
1.56675196566,1.35223341705,0.691224884046,2.94502214449,0.732701058638
3.67174507931,2.11801053021,3.12286560875,0.698464507047,2.16203363172
1.31722434113,0.929350255285,0.493600897054,2.8417160317,0.697426654238
0.194143188697,1.7504012452,1.02790359678,4.18160417148,2.1786030615
2.7869491615,1.59276963363,1.98806865976,1.51745701058,0.801098083242
2.18592132374,1.37384804847,1.32966516299,2.25502005899,0.298376590385
2.10638909607,0.600243038081,1.77487281351,2.12997318498,1.40391435162
2.53828954194,1.75166460936,1.66716108166,2.22154135795,0.678154159004
0.754980884066,0.807136098506,0.618893836213,3.24143352428,1.37786880725
2.26712204369,0.726634937011,1.74350255999,1.76539619244,1.04666237045
0.616807908224,1.17677432877,0.272930258068,3.46951743061,1.40072414469
0.120365575378,1.49136549459,0.913705277502,3.9437454061,2.00156731649
0.704247811695,1.22673611779,0.174448305365,3.45815065297,1.34938366775
0.667773555696,1.41496595799,0.306700729964,3.62820775736,1.48990098424
0.573766685301,0.993646785897,0.571215538688,3.41621807239,1.49503126478
2.74200887716,2.13552459574,1.8652879681,2.52513382052,1.0616508459
0.136715818296,1.693672689,0.976055881012,4.12319749147,2.12233195811
1.58407887437,0.0303071031974,1.19192378279,2.4582161186,1.05966008997
1.9605474346,0.777056846784,1.23996357911,2.08335223792,0.357824343567
1.6079598622,0.391133008512,1.01421445333,2.38235316637,0.689896333431
6.31584298388,4.81369514291,5.62209146491,2.32914749725,4.46796169578
0.570960658196,1.2948448736,0.311459077632,3.575426717,1.48319213106
1.12497929856,0.450678998481,0.937068229189,2.93706104059,1.30987281754
0.438997051979,1.11986045863,0.706861267306,3.57032452123,1.67221967371
0.393546072404,1.41273874643,1.07850252066,3.8968272338,2.06720224831
1.00230463571,1.68490522756,0.50983850439,3.71289927627,1.50849196287
0.458235350659,1.3513270711,0.426606020499,3.66913275365,1.59320902173
0.838813909449,0.755618133216,0.542367977468,3.14998509843,1.25205466464
0.640603999782,1.17525508221,0.247196739563,3.45605195397,1.38039527835
2.5761700732,1.02723857587,2.04980567389,1.48980852163,1.25705867757
1.94140945695,0.633572007088,1.28280927581,2.05905476192,0.536810354303
2.37718850557,1.07068373818,1.65360957246,1.67443059801,0.577566377925
1.14513684099,0.480946044531,1.02613872478,2.96667020192,1.40089807797
0.236949308396,1.33335112109,0.684995483687,3.75305382306,1.77515153525
2.09541921455,1.40452332026,1.2271252072,2.41169851843,0.36519381763
0.884389763106,1.14724615711,0.0297353794058,3.29833421796,1.16840227653
2.22716624009,0.682296654394,1.71663837292,1.81247518211,1.05502721017
1.81099507423,0.704387535807,1.09183891467,2.23180146938,0.373339363579
0.633341999004,0.984225779292,0.444546939657,3.36198717761,1.39205233114
0.499906400469,1.96217027206,1.01411882979,4.30763875252,2.20136219742
1.17163571858,0.750029600918,0.471932651512,2.87621752755,0.841205778932
2.47654003847,1.40825760649,1.6572391994,1.84539560312,0.4735876069
0.904352353151,1.01996606468,0.15714151227,3.20430690359,1.10948591605
0.732472718629,1.99193685256,1.59617402932,4.48018408416,2.65539456345
1.35894195733,0.247647855934,0.92924714781,2.64219931426,0.990362115484
7.93713170131,6.40893846475,7.27215002549,3.95447368478,6.13042690421
0.896683280179,1.30311373805,1.41081663411,3.76043388665,2.18029538666
1.95332495487,0.430720554391,1.60453797568,2.20900582618,1.28052266545
0.937809869471,1.52037491104,0.345195737659,3.58114854178,1.38945502617
1.28061766353,1.12477760726,0.406910710103,3.001525003,0.811769681504
0.572674291114,0.998040294029,0.757726978702,3.4651585466,1.62570160484
1.60277632328,0.805427319196,0.824448974392,2.50488830802,0.409717491969
0.0197862417964,1.55000833129,0.887149674164,3.98577305943,2.00760676527
1.5847672435,1.52434434887,0.733412087041,3.10213826337,0.900504490657
0.992705406659,0.919933220891,0.263071092884,3.08942978766,1.0119310508
1.43491806748,0.904066470736,0.617826862189,2.72234603128,0.57426919502
0.747732872898,0.981073359469,0.29438081324,3.28403508808,1.25700011851
2.18588268519,0.735447376443,1.571922142,1.80295501778,0.760797540216
1.14106507843,1.22254400587,0.266970460854,3.18323417252,0.995318454202
3.15363067182,1.62244597699,2.55788280745,0.884057262691,1.57535490357
1.22603468684,1.1165756267,0.352817876557,3.03885942921,0.857159168376
1.91511229994,1.59807109734,1.04359190931,2.85123703884,0.733380604133
2.01658729349,1.42384868059,1.14224390775,2.53327267948,0.438150387496
0.471734566269,1.11037577691,0.796154406401,3.57865881515,1.72362420838
1.82237448282,0.272783749292,1.43693299951,2.26787406041,1.14268351365
2.79387665717,1.52845014292,2.02096179537,1.40519885677,0.846120154149
3.79737998762,2.37456138922,3.06794510304,0.479746927785,1.90841804803
1.16560154068,1.67884547407,0.53914796489,3.60109440702,1.38710284304
3.04851654768,1.7811455684,2.26434325091,1.25448957965,1.08033271448
1.85653939037,0.352235099025,1.52908703042,2.30283113999,1.27836505886
0.385233023739,1.18266408339,0.61361120276,3.60355125826,1.64785933058
0.439991207611,1.43888666963,1.13603322598,3.92553407548,2.11501158906
0.603345293147,0.974815233236,0.532906530015,3.38543771148,1.45260503812
8.08147729204,6.54224738087,7.43862151958,4.11538377313,6.31134146199
0.865402697614,0.789498342064,0.967596476132,3.2776746992,1.60768280549
0.717454983225,1.31699239052,0.201629496376,3.52055185185,1.38839502423
1.92723574568,0.37557565896,1.46761070486,2.11807057851,1.02355585216
0.764003894224,1.20668156108,1.23976566971,3.68500905918,2.03586236933
4.31522662946,2.79253171525,3.67350746904,0.372840348273,2.5814130009
1.46455397436,1.36218948564,0.594813587305,3.04689377515,0.831479104303
4.04327684237,2.61706401378,3.31043698455,0.465201564365,2.14581939893
1.9737734964,1.37538896746,1.10110506681,2.5334178496,0.406944085102
1.95332495487,0.430720554391,1.60453797568,2.20900582618,1.28052266545
1.45501806916,0.552891301191,1.40944028758,2.8786103749,1.61929227798
1.56924144742,0.816198025217,0.785532040809,2.54461226413,0.438514234708
1.73159087064,1.03194418373,0.894712607574,2.50663084061,0.300046402334
1.6381030104,0.171811164022,1.16375401045,2.36963056921,0.914610412542
0.69136418521,1.57659385241,0.447856284913,3.76917167765,1.60962749085
0.366713402536,1.32966651735,0.978810292143,3.80900948622,1.96289936169
0.535252934846,1.60228748276,0.549436688238,3.8655806452,1.73393720861
0.263793763219,1.7744570945,0.935453133763,4.16567053157,2.11128160231
0.390687480228,1.1726083584,0.628378111969,3.59877514538,1.65198937555
2.29790693803,1.46102236717,1.44006876284,2.19535370568,0.386418519835
1.37982287931,1.53280010457,0.569496238137,3.28680563531,1.07183881513
0.70271121047,2.12306816894,1.10548741833,4.42426827399,2.28215579858
0.77119717132,1.0048063936,1.08215325404,3.49019971979,1.82288515757
1.07535142671,1.09967676866,0.206875221637,3.13902210924,0.983671317663
0.58727533392,1.68559941799,0.608491386758,3.93077836773,1.78474685192
1.65222145531,1.55035193565,0.797812808946,3.06727727492,0.876402726092
2.64088948231,1.45251797479,1.84798855516,1.60544178602,0.663474669668
1.60674548389,1.5214284552,0.751940212313,3.07875703341,0.879597873042
0.776355116998,2.33068943289,1.4722973943,4.73338212373,2.65875831495
0.771109745637,1.30792309562,0.161461939668,3.48473602539,1.34318145357
1.01635512233,0.564708998843,0.677588737182,2.97702712526,1.1615434296
1.16181433947,1.05343823851,0.302845315405,3.04438211236,0.885960184732
1.60576511455,1.43318100864,0.73622620955,2.98785694828,0.783064166941
0.981595277591,0.682941874159,0.513460976069,3.01207189814,1.08633119609
0.338220867685,1.87510722345,1.18979471319,4.32251369358,2.33721667594
1.0126178823,1.19617997077,0.137485242621,3.25179527903,1.0866493403
0.477874195765,1.25987769326,0.402846857119,3.593142155,1.53966623304
0.869808777019,1.08495875632,0.0956684120277,3.26595391953,1.15743492951
0.965189306428,0.59180965571,0.760731362472,3.05161937174,1.29247830524
1.78867913739,0.324261295816,1.26131705586,2.20941913747,0.828428510482
0.792931242796,0.949803569749,0.289947848682,3.24016620576,1.212288934
0.365797305934,1.59662828502,0.647920977186,3.9253248682,1.83248149638
0.461537384449,1.9437509805,1.01987625858,4.30229527194,2.20703802352
0.807340581961,1.77574227594,0.624028788252,3.92444416675,1.74005633995
1.06479234478,0.939359156055,0.27956840132,3.04754769932,0.944433227825
1.92646876998,0.370819557659,1.48216639531,2.13086734532,1.05777390779
1.13262746352,1.35858223398,0.304607203296,3.30406745508,1.10296038538
