6.97068875942,0.598753783988
0.46831451771,-1.15480190576
-0.0558688933167,0.219365806401
1.28451244447,0.347386362865
0.862005426759,0.426129907459
1.32930098082,0.187243899318
-0.317958596599,0.965677853133
-0.602470516938,-0.610739893303
-0.341712545841,0.272120498222
-1.1924930518,0.292227514809
-0.266218393924,-0.881439679547
-0.802361100273,-0.333070986297
-0.884190104717,-1.2276976148
-0.622473004611,1.3895882788
-0.595563119221,0.052006850883
-0.122419463199,1.43858107876
-1.57191542069,0.875860272519
-0.200515636388,-0.622506374084
1.11802879037,0.884224298485
-0.160229288388,0.644628657986
1.47987799665,-0.107773299794
-0.416122500634,-0.506326753719
0.444912482404,-1.34522213274
0.200577983534,-0.538070941166
0.188185738208,0.592199364153
1.02442019139,-1.89555671959
-0.0941548124988,-0.341267837128
-0.633985595016,-0.303030490247
0.498943147923,-0.295188819226
-0.804268306967,0.0264536920021
0.201749381994,0.0881937310251
-0.68433997585,1.3806749738
-0.712693784258,-0.706576749037
0.7024589578,-0.532682222218
-0.0701438914323,-0.0854136764034
-1.60446852021,1.03401513311
-0.931543302748,0.366808081715
-1.36539006298,-1.04245814498
-0.71145430143,0.520993646328
-1.19857797572,-0.511834816259
-0.607830250366,-0.632278193059
-1.3364595989,-1.28984347359
1.16090303092,-1.66295301513
-0.190045614897,-0.33921572032
-0.55564198213,-0.831654324156
-0.537491190897,-1.41166724981
-0.280523080686,0.477005423252
-1.2239432744,0.842880377483
1.77135459461,-1.04535452054
-0.433466469764,-0.232219248577
0.551090524697,0.182505983112
-1.3520634387,0.265278574606
-0.307832413107,0.0672416568458
2.57555390326,0.448632332942
-0.223594134695,-2.32569166197
-0.0736707104073,0.0311180715634
1.06183364694,0.35163480071
0.782665022293,0.255761436281
0.483628270596,0.0229860100385
1.05834693357,-1.16181808412
0.240400614278,-1.08326714431
-1.4700230848,0.467126954015
-0.500103655729,-1.39331865938
0.653076181492,0.344626507567
-0.051842700366,1.10674447939
-1.34872247891,0.771161726928
-0.0345819808251,0.739871060058
1.31207127174,-1.01890484454
0.517152089813,1.17720255495
-0.16205686932,0.142736267202
-0.242843452927,0.111941282181
0.630660221425,0.54017457612
-0.797918384585,-1.32644558891
-0.607586776487,1.66042248343
0.418342620868,0.637766462941
-0.50439083544,-0.577760485864
1.62926145507,-0.374528612276
0.848861919064,1.38725528188
0.382945732299,-0.0652041925758
-0.116908889348,-0.522967095193
-0.688326599157,-0.273977055039
-0.23698366149,0.820175197741
0.271514725948,-2.23817971634
-0.469301592376,-0.151139156361
-1.25487998729,0.0744570180012
0.597755944538,0.107437312458
0.536462350418,1.51787522725
0.901868748174,1.00541610549
-0.468650158172,0.266268324025
0.351282457617,-0.170513086223
2.00006593268,0.358412178818
-0.724402752803,-0.503639459874
-0.533368497452,-0.635741165981
-0.157457644706,0.317804520714
0.549784377916,0.525169678344
0.0713632051508,0.78309473286
0.0330315086347,-0.487874720865
0.244997981119,-0.135690036258
1.99140211598,0.419153445627
0.677828730788,-0.0760013826484
1.75083160691,-0.96768187853
0.100408902232,0.401712440472
-0.0528750498869,0.721000764675
-0.924237579027,0.885144263203
-0.835100792298,-0.275955115948
-0.760701056898,-0.521092264576
-0.342512275429,-0.0631330549861
-0.612294924219,-0.785930366232
-0.471352109802,1.18277396887
1.00595196902,0.4047019285
-0.344090611786,0.996313834587
-1.24196777771,-0.846956095513
1.92965820359,0.358538093661
-1.7393596244,0.0832425075288
-0.114544521958,0.708287158485
0.630660221425,0.54017457612
0.221561311523,0.292728916682
1.0673999779,-0.498798557174
-0.956209084469,0.325528624811
1.09246789977,-0.0656099806813
0.719567715892,-0.808224924861
-0.805084911289,-1.05876434113
0.613156902175,0.455778828071
-1.191555345,0.0169149641507
1.3399524126,0.669683471334
0.450166616971,-0.344059887368
0.284981967836,-0.549395368943
0.829131035894,-0.0836667743288
-0.656956590804,0.670038619486
-0.502718106452,-0.215266471134
-1.30429386943,-0.367758367229
-0.415095385855,-0.251932919825
-0.706851065113,0.242037134365
-1.12029144194,0.334733726589
1.31494729106,-0.334217958483
-0.807640524088,1.04326845495
-0.693964243559,2.19329793135
1.3740010926,-0.540035697184
0.0394656042549,-1.44241749805
-0.662814961644,-0.443165097543
0.601636535221,-0.27846616211
-0.713407532316,0.119858266514
-1.3856392536,0.88331670232
1.23897010413,-1.14840206004
-1.10771598126,0.978153291394
-0.635479070869,0.0263492110626
-0.765565963827,-0.798493716194
-0.227511602088,0.0485587089556
0.0321241250341,-0.657160641399
-1.13674157453,-0.10864728798
1.33501893483,-0.882153346069
-0.111053060133,-0.896549333719
0.16603389178,0.749553960483
-0.650975894448,1.00808639902
-1.29808901677,-0.468932570563
-0.0671104290599,0.689616621702
0.407508756354,0.145759607007
-0.202742227358,-0.662773397018
0.310860088777,0.481746522397
1.31338270256,-0.189549963274
-0.954356901554,-0.421656979029
-0.896257879104,-0.111782199229
-0.0404058686846,-0.72645942184
0.290712147098,-0.822220596498
-0.618312648594,1.13008116563
-0.510597595168,-0.744746123674
-1.234246268,0.454891421927
0.235734327544,0.527286859912
-0.151430138113,-0.207083557515
1.36622308903,-0.288733419136
0.301921692186,-0.493227387056
0.586905843075,-0.727116795833
-0.637557218376,0.449424732748
0.574749344742,-0.458122569962
-1.0823054412,1.1964851848
-0.804416017097,0.286565037911
-1.17737900131,0.114662947056
-0.0578396829695,-0.614519248184
0.0303399771887,-0.349338010064
0.804194485196,0.18686716164
-0.356963886276,-0.0681725221565
-0.220887833148,-0.992079286227
0.179031596418,0.316699773115
0.0349005169836,-1.52576454046
0.898480392884,1.18451139221
0.275114324846,0.0518643034867
-0.533666311258,-1.05680795792
-0.367237095864,0.77316021489
0.0351860528321,0.44578004005
0.88217606335,0.212859190586
2.27326941389,0.775999821219
-0.0133152602625,-0.736468239507
-0.069621773247,0.441927604463
-0.695131091129,-0.560911670107
-0.730863406777,0.391152775109
-0.490231317184,-0.189308287199
-1.02422187288,0.351425683209
0.615221551918,0.18659756182
-0.832515346188,-0.107997523746
0.657771420127,-0.264887470696
0.90295230733,1.24250106346
0.715541371449,1.14661843244
0.65353970137,0.570792575299
-0.349901685914,-0.306696097595
-0.608333487967,-0.636667376742
3.3687167155,0.0166816401267
-0.787929593232,1.14015135264
0.160838792696,-0.317972124822
1.18562309967,1.43025197887
1.27878363651,-0.825426906727
0.0955777942497,0.0883990291354
-0.67933371456,-0.625140558337
-0.644215420816,0.30734857324
-0.693964243559,2.19329793135
0.898033649141,-0.373027586963
-1.16636954972,1.30772030854
-0.344654693161,0.294956425813
3.1310604241,-0.0071016566729
2.55901460955,-0.474130818263
0.565397753083,0.310846835867
0.385093134683,0.468940846375
0.686477093353,-1.29167693085
-0.0344380848391,-0.056559968139
-0.287890233436,-0.916256402058
-0.255949883305,-0.140323959121
-0.858067875162,0.738261452192
1.49513594313,-1.08176889574
-1.05554316716,-0.376157121092
-1.15054170188,1.34438942091
-0.989768609705,-1.06093580153
1.28640091866,0.0104060591804
-1.15886353494,-0.0283521097763
0.664033203634,0.289759092655
0.729195843812,0.767349382396
1.32009519221,0.427942118093
-0.294477859181,-0.0109095785171
1.00581467907,-0.113155659631
-1.27389458078,-0.736114098204
-0.496906345058,-0.0406802309491
-0.775746536546,0.930907668963
-0.10630607609,0.0590762695634
-0.901985953734,-0.561141578293
-0.733420824455,-1.65786499592
0.259672228889,0.330269473392
1.52396589501,-0.763676869717
0.794852577157,0.265622629746
1.4295854432,-0.341039974299
-0.258446509921,0.854676301346
0.100810506607,-0.920176778231
-0.692020789655,0.511464840719
0.0633108192493,-0.991662613117
2.44996205665,0.373511803345
-3.13829460694,0.352563081688
-0.294005776892,0.20979640971
0.359191783058,-0.758761547488
-1.84580858716,1.70954981484
-1.10677773868,2.41663907903
-0.336424760405,0.691874312076
0.340956917367,-1.07227734945
-0.787929593232,1.14015135264
0.118099987731,0.131853129377
1.234703564,-0.0872284199908
-1.7393596244,0.0832425075288
-0.808818377097,-1.1109296312
-0.113493975704,-0.642311839707
0.18409008959,0.549153465138
0.968870760768,-0.238708645168
-0.692475850956,-1.10965368106
-0.142311067788,1.05479426651
-1.44542465088,-0.180654308573
-0.699832735013,-0.438662410125
-1.23281505652,-0.166486703006
-0.371716102825,1.35632951735
0.658123034674,-0.0415343995108
-0.145359984296,-0.875170312986
-0.288545880135,0.92191421764
-0.916538612551,-1.71450202912
-0.114793327066,0.30625485296
-0.162647022574,0.0547579588415
-0.692438290577,1.73780384791
-0.266770835308,-0.96418248922
0.97005580507,0.779158243386
-0.468698089436,-0.762551575232
-0.722891231709,0.272860156199
-0.69260634319,0.505237756141
0.0300749294264,0.766954906241
-0.0839354068829,-0.173677966574
0.0560569397163,-0.440031436941
0.0362747481321,-1.26712251252
0.722139516159,-1.03186954902
0.449937811183,0.141769633414
0.656486596958,0.00617688591539
-0.76514758673,-0.0640373442475
0.301166516893,-0.703519776361
-0.412111761819,-0.77388236212
-0.869817534378,-0.183283659819
-0.0127511788872,-0.0351108307322
-0.198915592138,2.8024677663
-0.546336516857,1.52160693787
0.141795585523,0.574559519072
-0.436049663164,-0.576864975599
0.0312324424271,0.378811967373
-0.289607132257,0.575799172651
-0.717181889586,0.744763909877
-0.302848261474,-0.243378620789
-0.126541518678,-1.50643739274
1.4361075262,-0.36090656546
-0.244345142322,-0.809275799816
-0.424437293894,-0.173177451718
4.11489027152,0.892780622119
-0.514237253598,0.447072071826
-0.55896680376,-0.499818000239
0.413561252625,-0.459904599353
-0.562318381303,0.762612229242
-0.803317539579,-0.0352140610237
-1.07991245689,-0.0865722084709
-0.602470516938,-0.610739893303
-1.53602639533,-0.709314651178
0.77596607647,1.33625268201
-0.556607667881,-0.211122514228
-0.166643329502,-0.909680132273
-1.04845832137,-0.596077612738
0.576692842709,-0.407441948105
-0.0763358349917,3.07162735485
0.141795585523,0.574559519072
0.876651209103,0.564179033767
-1.13732438841,-0.78746032214
0.625127492033,-0.231469193191
0.255239446911,-0.127454500644
-0.344654693161,0.294956425813
-0.0850701263752,0.778564527884
0.6958805292,-0.990678979011
-1.01059630836,0.703630319702
-0.787157641804,0.0190708305033
-0.354150716579,0.146558521547
-1.18776484956,0.229728797027
1.09246789977,-0.0656099806813
-0.538927587821,0.119029689986
2.26600125396,-0.282597333379
-0.00982849740553,-0.758856274238
1.38329349729,1.59958076721
-0.989613958553,0.880015909139
-0.130312548278,-1.0183417097
-0.301784316235,-1.25269965053
-0.0528750498869,0.721000764675
-0.387846897208,-0.53913737851
-0.912739755492,0.294405058863
-0.114544521958,0.708287158485
0.399159480114,0.832035673878
0.046756896088,0.307912382955
-0.485926578706,-0.57211678595
0.210671488924,3.06767019453
-1.28619746742,-0.116806104011
1.60126228931,-0.0785116657587
-0.559541989354,-0.105991669823
-0.766131317722,-0.549384851702
-0.712590243961,0.887861494492
0.33862096269,0.37142858662
1.75729734413,1.11109779759
0.0557931644731,-0.274204793903
-0.415095385855,-0.251932919825
-0.474528534037,0.126075254877
0.651798549618,-0.520640333419
2.3034005279,-0.140806367737
-1.07243848547,1.72364920436
0.188185738208,0.592199364153
0.122877979006,0.325665456316
-0.551700649683,0.785791537096
1.38190454857,0.0982494615611
-0.607586776487,1.66042248343
-2.48664618136,0.683607401088
-0.549718953372,1.51483730025
-0.617880671721,0.404262171418
-0.394455261312,0.615766202383
0.100118180941,-0.660513325182
-0.360936476045,-0.162920468135
0.133265195143,2.15267961128
1.05957149803,0.624616368149
0.046018059755,-0.866213864721
-0.353888510012,-0.159794791821
-0.616163874911,0.218587707437
0.0577989762931,-1.46736666798
0.220499326068,-0.776840018836
0.227729922205,0.822018108872
1.11559565135,0.180088013631
-0.342512275429,-0.0631330549861
0.169538999449,-0.463680315357
-1.45449212729,2.96482947924
-0.288931632024,0.60683993536
-0.68433997585,1.3806749738
0.686792465926,-0.437860464138
-0.805084911289,-1.05876434113
-0.269925400158,-0.378682203539
-1.85406947767,0.53860428536
-1.3693360451,-0.0367868530805
0.862206204297,-0.755149049732
0.46831451771,-1.15480190576
0.253503181031,0.168519334269
0.795568133507,0.20251967922
0.765464311183,1.9025303009
-1.23355081545,1.85997134316
-0.699832735013,-0.438662410125
0.346101342771,-0.718803784349
-0.667313286365,-0.015408839198
1.57100361828,0.670891693023
-0.17458757833,1.21044303378
-0.32314014862,0.784926208074
-1.24080777238,-0.788981774506
0.0146903107492,-0.545220467743
-0.224172700853,3.12850405042
-0.505077291812,1.03187896242
-1.45517129018,-0.444752996049
-0.356990444629,-0.127923064355
2.48701362897,0.333097156209
0.621164148708,-0.648892023825
-0.50439083544,-0.577760485864
-0.699832735013,-0.438662410125
1.9168005808,-0.541358429457
-0.921110792338,-1.15669009782
0.643862517745,-0.53763888615
-1.59794702246,0.836191123217
-0.331374579554,0.168903444674
1.02442019139,-1.89555671959
-0.476717462435,-0.949624965049
-0.093500885968,0.522256903133
-0.854764278365,-0.017147756985
-0.631989029641,-1.17351747967
-0.770564935043,-0.424181605538
1.21962316438,-0.491072283755
-0.779458777521,1.30231526415
-0.656049940536,0.115870649491
0.489732611054,0.487289161342
-0.791326310143,-0.476846615756
-0.48567405576,-0.188256161596
-1.10837915423,0.437303435789
-1.04853799643,-0.775329239334
-0.866620808961,0.991397349885
-1.03900568174,-0.216726034912
-2.14660996815,0.13845672944
-0.583553696465,1.26175008533
-0.46905870357,-0.612905513845
-0.621102587607,1.11191062445
0.205785459356,-1.51619486832
-0.0803042615657,-0.31936738689
-0.719289186552,1.15714385337
1.94470348245,0.708091494731
-0.482963693028,-0.844509470893
-1.45900326233,-0.158453314222
-0.765565963827,-0.798493716194
2.77614649589,-0.778913964835
0.768386943366,0.138116161718
-0.161601661763,-0.386522224491
-0.250419110283,-0.677508726633
-0.931543302748,0.366808081715
-0.359966976151,-0.247132595776
-0.858067875162,0.738261452192
-0.394663029172,-1.44468659268
0.476842024656,-0.959622622256
-0.525288181898,-0.246871774953
0.495263285296,0.445276617711
0.84598394337,-0.606260141001
0.695118211912,0.976028524959
-1.39921977212,0.637357855528
0.346101342771,-0.718803784349
0.317808913911,-0.3952889438
0.0180092103724,0.120017019518
0.858145475654,1.05764884856
-0.775746536546,0.930907668963
0.59774171344,-0.462122322637
5.53236214282,-0.0863265713751
-0.0746032317637,-0.602888192638
-0.766776445457,0.0156446100752
0.656486596958,0.00617688591539
-0.0288420686445,0.81750059046
0.118493078993,-0.143907314142
-0.123270451721,0.211317586621
-0.543425961841,-0.493882747349
-1.52208780771,1.28793068076
-0.139106026636,-0.402818666448
-0.799699405552,0.646120416707
-0.814193614141,-0.751561292782
1.74953949367,0.93488589956
-0.351094559296,-0.595649016116
0.723643059913,2.50455718053
-0.244345142322,-0.809275799816
1.01501151738,1.05981394984
0.911219853359,-0.436682942946
-0.928046119707,-0.433548887056
-0.953231280428,-0.505728117035
-0.479596760129,-0.456833195104
0.829858965569,1.19529876478
1.69548818857,-0.360762880482
1.9176144427,0.858626982727
1.92965820359,0.358538093661
-1.04654138175,-0.60514753308
-1.30568179913,1.32904719487
-0.354150716579,0.146558521547
-0.956209084469,0.325528624811
-1.37450796298,0.628088483698
1.56042359853,0.652947883856
0.954218372383,0.937530844852
0.981035571422,0.247721688386
-0.406734617702,-0.865090859392
0.916361835736,0.511342057961
3.59948502573,-0.962040987025
1.21962316438,-0.491072283755
0.786518367358,0.938531111512
-0.132001566927,0.623666829618
0.531017954984,-1.10199524675
2.11017196115,0.815258381066
3.45521058608,-0.294275934116
-1.14760209618,-0.165232462231
3.84890198179,-0.616724093523
-0.105504925904,-0.0106399786973
-0.636217907202,-1.14777703661
0.690217648263,1.5070478876
-0.32314014862,0.784926208074
-0.225148454505,-0.116770570508
-0.409182625789,0.0303056083353
-0.559541989354,-0.105991669823
1.38524169422,0.067812931595
0.331442062663,-0.702958655222
0.301166516893,-0.703519776361
1.01576664338,0.229437643471
1.23897010413,-1.14840206004
-0.309969497318,0.0615087945831
0.447446570801,-1.57410225559
1.08155949616,-0.11034635851
2.0004838233,0.419738908152
0.118493078993,-0.143907314142
0.0297441520171,-0.201127146177
-0.346160295479,-0.667408114591
0.757963633333,-0.512938125929
-1.09763841306,-0.631887999
-0.114521090484,-0.896705673602
-0.22092529816,-0.946990536998
-0.108974912625,-1.3196248554
-0.063260112094,-0.787529301233
-0.746135436089,-1.23542440748
-0.189815102828,1.24466793465
-0.43653734785,0.0785078982259
-0.258580472196,0.200008752891
-0.317958596599,0.965677853133
-0.384381457963,-0.48992607462
-0.584545154524,0.198935437182
-0.522803882539,-0.732062942524
-0.742218067658,-0.537992939277
-0.984809994178,0.955621359546
-0.233987759496,-1.25225203313
-0.734227061305,-1.17400215668
0.209496279734,-1.48263266204
-1.00543118866,-0.924966585039
-0.685113196384,0.0645032671087
0.880720299367,0.547474390583
0.186532475059,0.930614865338
0.0457143764723,-0.0607470366494
-1.8043784213,1.156270996
-0.366108295147,0.00678264476236
-1.37799076343,-0.844216942724
-0.186650019014,-0.613973508951
-0.560231720683,-0.706592067628
-0.67933371456,-0.625140558337
0.486805382096,-0.0487389679694
1.6182228508,-0.767072665105
1.06183364694,0.35163480071
-0.344654693161,0.294956425813
-1.7445372635,-0.056361679124
0.472500994905,-0.987019423661
0.778832514365,-1.17173722018
1.32162305227,0.240607875795
0.568036167822,0.0528090406681
0.703713944244,0.313981534976
-0.209722845586,0.0231616461599
-0.163860483004,-0.250350617377
-1.23955132128,1.38522589371
2.35004838897,-0.648624713161
-0.679582423362,-0.472681500403
2.57546400881,-0.754203694223
0.472248958433,-0.697750405403
0.531017954984,-1.10199524675
-0.874245331704,0.251226885895
0.898480392884,1.18451139221
-0.663839534798,0.789227024117
-0.797973408364,-1.71410651446
-1.26823062829,0.193755711771
-1.46153877133,0.475396610096
-0.379972442442,-1.9425609414
-0.315491171973,-0.269477794358
-0.32030682582,0.572143075694
-0.319965479966,-1.26875694937
-0.219042742748,-1.09810591635
1.03860298963,-0.269875322721
-1.74195392202,0.833780519697
0.0180092103724,0.120017019518
-0.742870823681,-1.04560284208
-0.971937206162,1.34697807368
0.255800200617,0.710712868455
-0.759764721398,0.649233681912
-0.504714671826,0.655220518291
-0.00901052178495,-1.11927673826
-0.0914613739808,-0.211644706785
0.680311658849,0.884445946928
-1.04845832137,-0.596077612738
-0.583553696465,1.26175008533
0.24404726303,0.966646412447
-0.657562684668,-1.24600361288
-0.294005776892,0.20979640971
0.389444584618,-0.28163128626
1.43880150049,1.48251490317
-0.181853880486,-0.620662975357
0.679622660852,1.00729943965
-1.25720879997,-0.658836939203
-0.288931632024,0.60683993536
0.335479359832,-0.910763721424
0.0928084455163,-0.724824741195
1.00808841867,-0.808191323648
-0.786607058193,0.874322494712
-0.376553665356,-0.484917307946
-0.473917790503,-0.580999665912
-0.0735658975908,0.675090041826
-0.344654693161,0.294956425813
1.55178384785,0.327322432989
-0.553479612086,0.184295353571
-0.23936299654,-0.892883694713
0.172246570284,0.730674673962
-0.55980424522,-0.840307052134
-1.16951555198,-0.688749100524
0.843672054721,0.451079077395
0.722471952843,2.49210301137
-1.06624204392,1.36222266549
-0.749541988112,0.680013592142
-0.712590243961,0.887861494492
0.737445880373,-0.303915603103
0.69433388716,0.755040557461
-0.411227122428,-0.128027301497
-0.858892890586,-0.60720891648
0.508689787215,-0.03109013175
-0.932223836931,-1.59713589642
1.04794161929,0.828847865177
-0.36703059711,0.396360781131
-0.144023415719,0.418904911947
-0.545731494539,0.0100524936495
-0.346093631709,0.338867410052
-0.434963759761,-0.439159229555
0.703436819315,1.17919890525
0.880090089995,0.553639795458
-0.497168551625,0.265673082419
1.46144098231,-0.370881262659
-0.7918159019,-0.0896335830752
-0.754112845898,-1.24848166939
-0.409367113666,-0.792917988524
-0.945027271473,1.05006534144
-1.06334000201,0.392861755452
-0.750866430223,0.677682608921
-2.19574604151,1.09031878403
-0.787157641804,0.0190708305033
-0.156845480574,-0.794240201543
-0.069621773247,0.441927604463
-1.59623212949,-0.428852068754
-0.904294126836,-1.04882006897
-0.560144219775,-0.445045524218
-0.770564935043,-0.424181605538
0.58974488386,0.675788482066
1.1973165153,0.567552632199
-0.90778988928,-0.653432901664
0.0419271594046,-1.45103952553
-0.189815102828,1.24466793465
1.43023154388,0.440189849148
0.471067728274,-1.17929761167
-1.51778746863,0.190845080991
-1.18105543748,0.223146199788
1.18387593037,1.01985621836
-0.58004174314,-0.642967412141
-0.494909730384,0.129501475305
0.51575775486,2.38674339877
1.01891343168,0.602311136656
-0.378949191288,-0.688645870232
-1.11916787597,-0.562993724359
2.22688635372,0.117201002421
-1.0552777317,-0.324148170903
0.924606686854,0.349395887322
-0.921110792338,-1.15669009782
-0.113622219995,0.318709022116
-0.118273387577,-0.431154365178
-0.971073939682,1.02376377724
1.56550341531,0.813802237259
-0.94628631892,-0.383242345959
-1.30845603374,-0.871583319089
-0.120769326928,-0.564577796708
-0.737990610695,-0.158763580868
0.0295829441226,0.212878455166
-0.160182675528,-1.80447236726
-1.61998887063,0.728198874949
0.290920552924,-0.930860189113
-1.08661976433,-0.802174217851
-0.737990610695,-0.158763580868
-0.988597849212,1.73442125834
0.0627512853506,-0.433246449075
-0.756665765581,-0.501884948041
0.714062327484,0.244004434235
2.52521987309,0.714479173141
0.483698212737,-0.148217121323
2.848620581,1.02149202982
-2.06282528998,3.4161769172
4.86154554414,0.258702958938
4.01647814515,0.246364715813
-0.925212948398,2.19589001085
0.0349005169836,-1.52576454046
-0.0866646009006,1.00029194122
-0.91478224628,-0.090940233706
-0.301784316235,-1.25269965053
-0.714779757613,-0.365796144165
0.271514725948,-2.23817971634
0.214695390522,-0.869131342208
-0.53603743618,1.86844843502
-1.07347454713,-0.504795303365
-0.161176777405,-0.471182244991
-2.41883089211,0.661510643878
0.672375725755,0.372275170315
2.61720631835,-0.812028309913
-0.713817399532,-0.849517993769
-0.335628157695,-0.637615509002
-0.183672412533,-0.454885803034
-0.33518581335,0.205646369149
0.428337919664,-0.291262603196
-1.33810029859,2.54928683148
-1.24713969559,-0.182080758734
1.36493684527,0.387300738943
0.24404726303,0.966646412447
0.353576149533,0.508490408288
0.319505123673,-0.597119065477
0.690868447914,0.705829253572
-0.549158048174,-0.489217360938
0.354014045181,-0.403193510259
-0.453669385924,-0.883178597334
0.769817618891,0.379449313733
-0.759949209275,-0.173989914947
0.61846102657,-0.0883012164456
0.0392168954525,-1.28995844011
-0.142805207022,0.182233726373
-0.47944264475,-0.229679822731
2.69750115627,-0.712504381271
1.50171637758,-0.850784521687
-1.16034008658,-0.484848848106
0.264761979384,-0.959974749858
0.0511050183533,-0.305849789355
-1.26823062829,0.193755711771
0.316783219729,-1.05465257916
2.45786169848,0.475477279802
-0.344916949027,-0.439358956498
0.79575854016,0.839878351748
-0.617306906725,0.41540564247
-0.123270451721,0.211317586621
-0.513556567923,-0.431205980324
0.655622597145,-0.394062708178
-0.724402752803,-0.503639459874
0.0323294500488,-0.578666025773
1.11925144794,-0.174010705631
-1.05934349429,-0.444253488044
0.315647812972,1.02601360729
-0.605461966821,-0.171085367822
-0.279156090131,0.831309953112
-0.261330841565,-0.585435144137
-0.910758938586,-0.126135670273
0.432634832295,-0.75636601876
-0.455668644416,1.34274446683
0.107486754288,0.32777869866
-0.735398168375,-1.18645632584
0.512416061728,1.15740635592
0.440768264556,-0.247995543334
-0.300410085087,-0.994057622591
0.289161542834,-0.158317214111
0.722139516159,-1.03186954902
-0.715434519487,-0.646393664227
-0.394161748124,-0.172616330579
1.33491715011,0.633790281834
2.40194705695,-0.0184708528889
0.0578130098307,0.0925374148745
1.57216298905,-0.489760100381
0.253628146951,0.384977128449
-0.421922622037,-0.062298394803
-0.302848261474,-0.243378620789
-0.354401868227,-1.68294059995
-0.7434660143,0.321234136221
0.91171325926,-0.287576293339
0.759186389506,0.510164261313
0.195108004988,-0.344586644242
-0.562960717142,-0.522966607597
-0.837396493297,0.0832626591265
-0.470159673414,-0.737243674785
-0.38633796722,0.286417201569
-0.36703059711,0.396360781131
0.635277642772,-1.02109988327
-0.724110660213,-0.887052191368
2.43576438935,0.34736315906
-0.470347538442,0.11218360824
-1.53220151569,-0.35445535929
-0.780218986765,-0.840880340583
0.887619384762,0.454796575344
0.353576149533,0.508490408288
-0.150053999892,0.319718311571
-1.15291120523,-0.513386937464
-1.16816871453,0.0930696054188
0.301071236205,0.804516345942
0.784365730232,0.273036191741
1.09343167845,-0.954301631754
-0.876077312034,-0.964942605908
-0.876351507644,2.55536258641
-0.67933371456,-0.625140558337
-0.635565838444,0.488256558182
0.529092356473,0.93455300488
0.438684198273,0.360944902681
-0.843535316736,-0.0279137273075
1.24248014697,0.0664391034299
0.0512378101211,-0.00709707836208
-0.250419110283,-0.677508726633
0.773342580093,1.0354264203
-1.04469438428,-0.44301432206
3.64079775518,-0.163966011589
-1.18083455955,0.961402872922
2.14915534214,-0.833758938994
-0.635479070869,0.0263492110626
0.159406946662,-0.915220114299
0.726662393382,-1.17286288243
0.576692842709,-0.407441948105
-1.23355081545,1.85997134316
1.89511822232,0.696966005953
-0.238174624568,-0.0118267664828
-0.252216318717,-0.58333089293
-0.298270995024,-1.21533714307
1.34523305623,0.689927563225
2.32805853307,0.858846868034
-1.15312954153,0.235142344956
-0.823736934271,-0.710152981895
-0.686451672033,-1.49773179897
-0.622036966554,-1.32609640045
-0.55980424522,-0.840307052134
0.52788456796,0.393255256415
-0.797872360393,-0.565785530801
-0.48030591123,0.0935344737039
0.0914918292525,-0.644860807602
-1.2170419876,-0.58651813829
1.02370981707,0.645945918166
0.545354624219,-0.349148312765
1.05348774785,-0.634740012304
3.05105567292,-0.263025934072
-0.114325498388,-1.16866581593
-0.262407946173,0.705413311856
-1.38051331061,0.498450003108
-0.515496251746,0.0544330801072
0.729621214644,1.35581900451
0.118739147391,-1.28798010375
0.0734389591121,-0.581270272582
0.0399519176416,-0.652151874725
-0.325114752417,-0.585278528798
-0.740629511908,-0.573855428281
-0.317786284487,-0.5435114874
-1.00406806173,0.428859182094
-0.543425961841,-0.493882747349
-1.36759655356,0.83681046241
-0.473067535313,-0.0771900643008
-0.252121725295,-0.962943323237
0.374581248783,-0.483538159178
-0.580445741062,-0.262367677194
-0.713817399532,-0.849517993769
-1.0145283503,0.496023286287
2.18850393404,-0.331980051944
0.880720299367,0.547474390583
-0.606991000615,0.471542923861
-0.624159280663,0.140319823825
0.32308129451,-0.0898007156553
-0.165543632177,0.165124301934
-1.09889868373,-0.0740607174527
0.584380067,0.257187886442
-0.361420149027,0.0384276402152
1.74532548517,-0.638906409963
-1.16807656413,0.308008610917
1.37672157595,0.32246761797
-0.340899117696,-1.34807353861
-2.28517628872,0.692750889733
-0.287018555854,-0.979218362949
0.0736978873082,0.289855070054
-0.462969281474,0.41026169436
0.284454177734,-0.840547477562
0.829858965569,1.19529876478
-0.625654614289,1.24220837967
-0.862127031716,-0.696132481276
0.588774699932,1.07721541486
1.36326602335,0.292966565358
0.898480392884,1.18451139221
-0.792604728061,0.281482459136
0.838059699566,0.540852377166
-0.0991331441367,0.278659740057
-0.202747564292,3.08876744813
1.53626868288,-0.887812640029
0.205468715484,-0.924372837879
-0.970664022985,0.457299117965
1.09059370598,1.88159865378
0.948512795104,-0.0387219222173
0.380973768907,-0.443795197775
0.490491064718,-0.479897105356
-0.734679531682,-0.267666027233
-0.851032719629,-0.233142308057
-0.323296171072,0.289612994558
-0.508304340428,0.301796423903
-0.614053934309,-0.0133873912295
-0.759912918002,0.236215385209
-1.27389458078,-0.736114098204
1.3202680401,0.632551115851
-0.506781961974,-0.0672119471308
-0.899950555461,0.465362687992
-0.23491001216,0.177994798919
-0.175853767591,-0.622374375586
0.508689787215,-0.03109013175
-1.30845603374,-0.871583319089
0.352651454024,-0.0432209391002
-1.18962730117,-1.08733869538
0.185397170494,-0.871609674174
-0.886387496929,-0.216600363867
0.0524204608776,0.0694803264366
-0.66194778224,-0.725231935571
0.144910094255,0.0832029466259
-0.749049117984,-0.884678096543
-0.0959138718872,-0.609393557805
-0.284574510172,-0.379921369522
0.0131761953181,-0.461456232962
0.239451803261,0.287229145544
-0.585831934064,-0.83882874303
-0.60286693587,-0.19816948946
-0.0803042615657,-0.31936738689
-0.774586679297,0.443385518172
-0.974969247937,0.166977974103
1.03950704556,0.0362205581378
-0.742870823681,-1.04560284208
1.20344692764,0.418476683089
-0.489249493264,0.0278793791111
0.0906110533043,0.286272509742
-0.366219026739,-0.45132440117
0.803477508247,0.654939913634
-0.51383511345,0.838981191415
1.10211026202,1.26831507482
-1.80981650798,1.04568349206
-0.508304340428,0.301796423903
-0.387962715463,-0.583097833464
-0.299540166498,-0.779682952828
-0.705479375589,-0.986106793247
-0.0701438914323,-0.0854136764034
-0.658157286802,-0.512418102695
-0.132001566927,0.623666829618
-0.461078900214,0.34144123182
-0.289636331015,-0.475565101221
0.125838372358,-0.392844488502
-0.22092529816,-0.946990536998
-0.883982336857,0.832755180257
0.432634832295,-0.75636601876
0.720499750774,-0.847348303272
-0.53079621071,-0.186256147531
0.956873612556,0.388788833895
-1.23281505652,-0.166486703006
-0.789608092735,-1.06749088121
-1.2115893262,-0.470582845255
-0.514237253598,0.447072071826
-2.49650492354,1.40704016483
1.15967435256,0.887528024041
-1.01275574366,-0.92558616803
-1.04102557639,-1.62413693937
1.02302585643,-0.686015875767
1.5019203313,0.673348591086
0.288669406038,2.1298283651
0.954218372383,0.937530844852
-0.307797685274,-0.354924730141
1.35448364921,-0.186694130578
-0.0766523285917,0.326055131121
0.797123038389,0.748065621733
-0.388376594383,-1.09844932827
0.954218372383,0.937530844852
0.091275012325,-0.796473550531
0.203304286876,0.633739673538
0.211227360171,-0.869287682091
-1.234246268,0.454891421927
0.606739145514,0.446487746882
-0.568635872624,0.137519545499
1.74532548517,-0.638906409963
6.83503162257,0.583196756209
-0.193555121964,0.1597414545
0.967211529544,-0.755096915332
1.03762047844,0.641360702966
-0.376773908733,-0.00454786666969
-0.364193262606,-0.270447116723
-1.15355824003,-0.216517316831
0.720499750774,-0.847348303272
0.19953531584,-1.45222683257
1.35654311351,0.45344341803
0.680231983788,0.705194320332
-0.641556852974,-0.378203398042
-1.11033429219,-0.231991785169
-1.18138572842,-0.0718062100176
-0.63686489271,0.189761279699
-0.553373378671,0.423297522366
-1.20288271419,-0.129026317508
2.848620581,1.02149202982
-0.204596218564,-0.678919858203
-0.284139942194,-1.15479532774
0.795111068178,1.50428702545
-0.829107623839,0.908988929337
1.05834693357,-1.16181808412
-0.366675506814,1.02840036379
1.21962316438,-0.491072283755
2.4861704663,-0.811871419118
-0.0819900018442,0.145162496427
0.424463250988,-0.902432939806
-0.304708369016,0.91668429012
-0.779709929169,-0.52718385735
-0.171391684843,-0.419667238407
-2.06282528998,3.4161769172
0.238955756955,-0.853491235736
0.916361835736,0.511342057961
-0.928137586251,1.61080691754
0.736890160618,0.790820243227
4.68600101985,0.0502264508012
-0.549158048174,-0.489217360938
-0.125177707714,-0.469826430759
0.341941920877,-1.53739611526
-0.242843452927,0.111941282181
-1.10460029879,0.0315026695638
-0.579010616657,-0.842598343721
-0.629960822663,0.98931798421
-0.359264233531,-0.473556096018
1.35792374991,1.19935016425
0.954218372383,0.937530844852
0.529092356473,0.93455300488
0.403849484007,0.0911718147951
-0.388376594383,-1.09844932827
-1.23061830227,0.991508433733
-0.533666311258,-1.05680795792
1.31079476089,0.00758407149564
1.31408925932,0.120346218771
0.472500994905,-0.987019423661
-0.460069830676,-0.510044251668
0.607088168956,0.718895782074
-0.916034105845,0.727139383385
-0.557613409749,0.503553008936
0.330468015292,-1.8785201004
0.160838792696,-0.317972124822
6.83503162257,0.583196756209
0.159312839714,0.13752195862
1.89758686998,0.0471850047558
-0.696332425093,0.425723995388
0.535074374647,1.36280320683
0.735826754566,0.126221109177
0.431309953008,-0.391157948913
-0.354188914924,-0.531806619753
-0.627615572243,0.263605859162
-0.755976133031,0.593887673645
-0.228906915227,0.603685284364
0.0297441520171,-0.201127146177
0.169460445415,1.24882381507
0.169920401239,0.177785561584
0.952021029652,0.412787176229
-0.403405149816,-0.432325834373
-2.18471849197,1.04220565649
-0.903103114459,0.823850590936
-0.0344380848391,-0.056559968139
1.25381343494,0.0265154607582
0.881603031686,0.925169610062
0.76607568927,2.41408149452
-1.15639415394,0.0453207795551
0.916354256747,0.479371389065
1.12351852385,0.47861399261
-0.0186122428441,0.207121526973
0.514415419,-1.56368893212
0.225015110777,-0.276674378529
7.41254604455,-0.274129497217
1.77135459461,-1.04535452054
-0.964771215232,-0.634501512402
0.640127730119,-0.680006598635
1.81473402913,-2.27931411365
3.86941968527,0.710094303212
-0.508304340428,0.301796423903
2.27326941389,0.775999821219
-1.89885023747,-0.259627029959
1.89758686998,0.0471850047558
0.0675162653355,0.58758977591
-0.221220669121,0.613900850499
-1.06928832002,0.423871817665
1.08978419418,0.155221646933
-1.0091913116,-0.541710193428
-0.169024723116,-0.0486768355825
-0.378949191288,-0.688645870232
-0.335628157695,-0.637615509002
-0.239734764191,-0.688722589815
-1.07518161425,0.842542805419
-2.04608555694,0.453518325156
-0.7918159019,-0.0896335830752
0.5645014737,-0.953622823858
-0.67936937128,0.183280255917
-1.10551149653,-0.674102933258
-0.786607058193,0.874322494712
-0.0443510186892,0.507493536707
-0.750532811619,0.835825058403
-0.740629511908,-0.573855428281
-0.238174624568,-0.0118267664828
0.709787425731,-0.49091518082
0.387448019243,0.588855703166
-1.67901317384,-0.311344670969
0.187010913299,0.597916876168
-0.631989029641,-1.17351747967
-1.35681433567,-0.731494487082
-0.261330841565,-0.585435144137
-1.1504205994,-0.0161411628723
0.71871555363,-1.58019436762
2.00006593268,0.358412178818
-0.366385469375,-0.168668680646
-0.891800932319,-0.535597166751
-1.20051638702,-0.976662029094
-1.10814599835,-0.374917679653
0.0873213031404,-0.368269399326
0.27842339277,0.861819256671
-1.40529818878,-0.985820867987
