3.63877060888,2.64438039178,4.80308275988
0.838330229072,1.72120316549,2.29149592541
1.87277637424,0.713318902045,2.24108075103
1.30690504442,0.955590070037,1.90597578036
2.24613469528,0.903915152847,2.73276895205
1.16599537557,1.07588943894,2.98824953992
0.658762166846,1.87427011368,2.80783570822
0.617891193854,0.867248732831,2.84221816632
0.597882520687,1.68128925152,3.31068468876
0.790317727788,1.34885952623,2.82906499104
1.11816316605,1.0837240234,3.50599137768
1.1429267419,1.73150776754,3.45248323332
1.51936670649,1.47441185338,3.34823548682
0.351953070682,1.10512615459,2.95952555422
1.50172227771,1.78919943068,2.72785819573
1.31557636386,2.3625288688,3.58514866952
0.600928189075,1.20912285912,2.69760809963
1.67443267904,1.32040779638,1.7946472684
0.817117902233,1.39684902354,2.51532976885
1.98823018182,0.87693277853,2.20488537693
0.809973637804,0.964204505518,3.06364464724
1.47547696802,1.49053532814,2.6312100063
0.783829099994,1.40058683015,2.24615361685
1.03054849227,0.737637120496,2.52218350883
2.32887024627,1.9298989879,2.97135296708
0.605220922832,0.900564837868,2.65639774983
0.198311854045,1.32919219441,2.9322150997
1.20152562579,0.487072257988,2.49507097247
0.560722997722,1.12492182494,3.20080502668
1.43992740016,0.29127290425,2.98267863195
1.92052300409,1.46704098832,3.75888004781
0.549392837803,1.67439530231,2.98626664071
1.44320805202,0.676244569736,2.50203377648
1.98984100021,1.0041761233,3.63640343989
1.89297964013,3.01253218102,3.65818995353
0.521472861905,1.46897578446,3.14263963515
1.15399458621,2.38954818449,3.49216733808
0.641452104392,1.26611306526,3.04660169103
1.17326255702,2.51508539882,3.2349656202
0.463826099445,1.52546045081,2.92078029808
2.0859374577,3.35666667095,3.61538152046
2.22129781314,1.76054706947,2.74566966776
0.418896960974,1.12910821398,2.61501407157
0.696363397319,1.43236451197,3.01886068991
1.23739356486,1.75530970055,3.23666069989
1.04895440158,0.672098923224,3.03012950842
1.2657205863,2.33085960026,3.29252911942
2.24737254117,1.55340276873,2.12933798063
1.96700196762,1.19890150164,3.8473792819
1.91681530188,0.61060430112,3.10087771639
0.795797147496,2.03533040204,3.35470331816
0.457913169014,0.922531658766,2.76237551112
2.68427719895,1.80651395596,1.52128666429
2.13674051982,2.35635683481,3.58992166334
0.83127450106,0.546783660021,2.77853978891
1.63557895707,0.589132371306,2.20203486006
2.0662605778,0.718234889648,3.04364213822
1.12667949668,0.382974568414,2.41743878492
1.71461988796,1.42087736778,2.23335771466
1.19378159391,1.29479521364,2.63527377619
1.25409101956,2.48944525305,3.42904647515
1.86777253251,1.64904298261,3.76611863134
1.13256561475,0.854197671214,2.0527137386
1.30529350561,1.79657106048,2.49782306628
1.13991566904,1.61927269531,3.66167346218
2.72519702658,1.65601953851,4.17056224408
1.80016148124,1.43291426186,2.00323355567
2.14019855308,1.0581372324,3.18665672048
0.454538162494,1.24464424729,2.48473639411
1.94557599665,1.02004585674,3.70024667543
1.1906850935,1.30077693068,1.90638174785
1.42010389875,1.67781602999,3.60283610317
1.69821571574,2.2108046638,3.11447528856
1.10128798538,0.977508903514,2.23314097754
0.601016650681,1.17720566703,2.99846978598
1.85623509099,1.27679985564,1.59715409202
2.10338295308,1.18100679441,2.76635943028
1.32194756177,0.199601154841,2.72703502284
1.06395604098,0.765887479223,2.98578241396
0.720964386882,1.03404488236,3.21854468591
0.965321189681,1.57158255563,2.58407305404
2.47414676992,2.21049202466,3.67865733293
0.126499601378,1.27572869267,2.76717556215
0.571173313895,1.82591125186,3.31180649427
1.60705866241,0.255483497697,2.76625643978
2.24172299395,2.72998844466,2.29254200698
2.20467356275,0.989556500634,2.96385921849
0.713037012145,0.850972551778,3.0069805283
0.921160510373,0.631649592609,2.39108226249
2.23563179651,1.34886849427,1.64402139973
0.462778378372,1.3321248527,3.09088600009
0.778553419333,1.13704536741,3.11818889763
1.75615212524,0.796230247243,3.4821733312
1.20501875656,0.681245341509,2.27994703542
1.53272534471,0.657067638644,3.05788799816
0.622360801393,1.27857867286,2.40714457588
1.15876694307,0.321485914105,2.72867706794
2.15952046765,1.57758769918,1.23348608815
1.35539398081,0.33887725968,2.43227010103
2.08153551249,1.63546056007,1.74465954934
1.07918071355,0.442939402268,2.73203308747
0.906873112829,1.12349073348,2.55962947711
1.0882728489,1.38103271827,3.3728934198
1.54438759838,1.18991223235,3.78509612829
0.387079613218,1.49060619179,3.0442486118
0.280767045746,1.36914192977,2.60799817478
0.632050677986,1.47187999697,3.02316647606
1.64393387039,1.19196820549,3.44775345824
1.75643733733,0.5200217933,2.43809254177
1.10493263872,1.21273213229,2.92068998553
0.82914543784,1.90271248685,3.45841802422
2.25602353669,1.23885552459,1.87165853829
1.07289748821,1.81051881088,3.9004143024
1.39751525699,0.673942542025,3.11103660985
1.1906850935,1.30077693068,1.90638174785
1.30596190807,0.211635485921,2.8282006054
1.52127870206,0.90113064477,2.08468904305
0.494871831631,1.56520811913,3.12140972556
1.7618326485,0.571263676534,2.40413384257
1.69316657035,0.912160754929,2.73646493749
0.991191009659,1.58695376161,3.34270996291
1.92024498793,0.602596123616,3.01916524489
0.74413739477,1.39017853015,3.50268001269
1.92617978233,0.897192272273,2.14850578131
0.889293634373,1.23858668444,2.05433078606
0.869846426336,1.00353279383,2.37911867099
1.35062561674,0.52828553739,2.21843830488
0.962141478627,1.94639425162,2.82348978473
0.944587965363,0.826057141689,3.21085185497
0.594846063837,1.77568923777,3.42821213216
0.650198441933,0.880541744045,2.98385983944
0.599865330172,1.06954541521,3.12158393343
0.588963493231,1.69318580068,3.23702533011
1.69688786558,0.925083956217,1.96754290797
1.39577824493,1.29572570085,3.496952518
2.38144070894,2.07499208051,3.93150495576
1.87590138436,2.1803215445,1.2489043984
1.32413854656,1.7356214425,2.78873519077
0.447497653484,1.24906901853,3.05409676311
1.35792977077,0.431195880171,2.53573075861
0.644775335922,1.0196661636,3.17130138415
1.11376344207,1.85732538597,3.56682872753
1.88447085332,1.40477204772,2.26918269274
1.39698903713,2.41105934595,3.22920784368
0.776513377074,0.906521348312,3.19727332542
0.683917094251,1.50461366703,3.16844444808
0.473849296232,0.903628545604,2.69377504484
1.1672273081,0.812296574302,2.92369571142
0.434063252226,1.7335363141,3.23517267927
1.79582938252,1.29832076657,2.01856912953
0.814993641282,1.47717935007,2.63088873387
1.68162026227,0.656841951214,3.12024088226
1.03741528284,1.59883118777,3.00489062462
0.705994101432,2.02651657626,3.35349619624
1.57562264903,0.689756501781,3.22338707275
1.64074164181,2.44066357103,1.96875887305
1.42138066382,0.932299633626,3.2998678926
1.00060702791,0.749008458396,2.3734009516
1.56365800756,1.16783300577,1.59521517759
0.502803897205,1.42149468327,3.26043178656
1.03648991343,1.09111306071,3.50976924658
1.69415317682,1.01101525498,3.38785179525
1.03210472715,1.65901235101,2.21500972639
1.14783525302,1.59904095329,3.03477026164
0.716010928788,1.27106016278,3.03741482161
0.725726320668,1.69350532016,3.36994599383
2.25420601226,1.08599630332,3.61069005259
0.633164557271,0.784578941963,2.74043646384
1.64552077189,1.08546545171,1.72187465339
0.980833531941,0.775700256443,2.50034317524
1.36204692094,0.852554524322,2.52663530664
0.545951326398,1.49320005649,2.86025120327
1.66889253932,0.635978409714,2.87370583334
1.29854478506,2.04645387045,3.32045505755
1.05288575887,1.00091337398,3.42900230181
0.865343161614,1.33375687969,3.55160180155
1.13651617117,0.806698413988,2.98204916158
0.663648836488,0.886671776809,2.55577815054
1.548960186,0.306488938256,2.46828154104
0.226755520782,1.1827679911,2.6904045073
1.78149761749,1.27673745031,3.56435795098
1.49294594904,0.349078087928,3.01986399209
1.53449984542,1.60966746213,3.0545053689
2.51791828149,1.29813351283,3.28863581176
1.52441587629,2.38365697109,2.05565766137
0.968310441175,2.01585204265,2.87691433878
0.849936183598,1.2889272735,2.78018951615
0.941166577015,0.623611465959,2.66733986869
1.59721404683,0.371872378391,2.42618339595
2.79221913389,2.84017691633,0.878815098925
0.777240953956,1.19976263334,2.60571674261
0.682037022233,1.12294407109,2.48561018027
0.600773444794,1.26283896558,3.13936130265
0.513108421403,1.28965397302,3.02556083421
0.253579851403,1.14633136314,2.85568458416
0.614449843244,1.77966392143,3.12046768256
1.62421879715,0.259967077229,2.75704373739
0.594353468376,1.91955140537,2.91749822068
1.14055246525,0.703730008822,2.20071050788
1.78941571006,1.26089845098,2.24237138589
2.10391056629,1.00076630961,2.9824096103
2.4699053226,1.19040608936,3.51848372703
1.20613482536,0.762772452511,3.26402074311
0.734885476553,1.19918923432,3.14525815724
3.40138545247,3.2152467026,0.539886365195
1.26686560233,1.43983781552,3.32910392542
0.866919028582,0.672276179473,2.57837623921
2.35468299516,1.32761699824,2.74238016871
2.09491664279,1.14853948118,2.60947732699
0.719134503512,1.45577655421,2.20848920237
0.459836197654,1.53111625358,2.98325257345
0.552087011085,1.09478472866,3.03389933046
2.38144070894,2.07499208051,3.93150495576
1.7023906684,0.620746182736,2.57625204056
1.53778082356,1.70263288809,3.70979260889
0.880717410436,0.695452796871,3.00583042042
3.12322040427,2.86137935954,0.302859389306
3.21886873242,3.48152983081,1.16582901757
1.43344417816,0.190733528811,2.59582544801
2.06315978356,0.828812493522,3.33838037497
1.6428534994,1.38288616468,2.60357672158
1.4631111816,0.537641873054,3.20210841158
0.806561753695,1.71010532691,2.69389028621
1.48087615523,0.733675894903,3.37953003208
0.901692705602,1.33575490814,3.24504981696
1.99974763612,1.48607658418,2.07731827099
1.35332772735,2.66223498178,3.12641606637
1.42826161686,2.10407576239,3.42798077697
0.911016733767,1.84767594748,3.33970602107
1.75820374303,0.726176538427,2.11203873334
0.487977219881,1.79381580778,3.23176258885
1.28949983125,0.434889304085,2.31367684177
1.38420631071,0.984810753687,2.11348116989
1.69478999695,0.975616025204,1.79425934818
0.28435233155,1.16948904984,2.6332655108
1.91818002638,0.63464554248,2.7001793412
1.53636455249,2.85828675831,3.36008795888
0.43586193368,0.987859502309,2.93400412621
0.982862573725,1.68388589987,3.05478638809
0.615275065526,0.758932167787,2.65861490581
0.518752913719,1.79478561084,3.0737800647
1.5828630849,1.92331845231,3.60649081746
2.27083767853,1.09422954332,3.62840735471
2.00540345155,1.22929319756,2.1375904399
1.65647409442,0.330616765053,2.59107901039
1.77192656369,1.90604558481,1.16829664818
1.71863887758,0.935275906905,3.44469032107
1.02919240445,1.17786959163,2.6780881972
1.54850579854,2.65723894752,2.86689864138
1.28705967713,1.10033911163,2.94679635818
2.56531149422,1.71324546336,1.47804180208
3.1541518762,4.46890243223,4.98518178277
0.70723672656,0.74455454683,2.87134112093
1.35593933457,0.838573021355,2.76659910708
1.95511247415,2.46780936189,4.15035410092
2.39024087052,2.49628791803,4.00324671951
0.964773239939,0.922937096402,2.94760855253
1.16867540627,1.63185254514,2.33102734448
1.26686560233,1.43983781552,3.32910392542
0.704226619539,1.36607253099,2.2132588838
1.64793344036,0.76343403741,2.0180455826
1.07289748821,1.81051881088,3.9004143024
0.921576076479,1.91602236076,3.16311594194
0.797513442558,1.00641169588,2.77480991656
1.95754262096,0.811619211726,3.38215578553
1.40686101473,0.726452040916,2.08136864847
1.05640634831,1.54267264251,3.30924801143
1.17006608068,1.24126695507,2.75480271954
0.717516339137,2.0204398013,3.45133220062
0.391512457515,1.67613416349,2.89502875305
0.677707882982,1.48366000247,3.49588986999
1.58150903797,1.30163273519,3.2574858932
1.26909645645,0.394937477876,2.35524749222
0.807226199639,1.34853532472,2.71695130257
2.23843082398,1.32465113725,3.8784039275
1.63698745926,2.04424575786,3.73807176869
0.572886532409,1.06005683157,2.52692910617
2.03996204217,1.07044155057,3.72751071903
1.88523836933,2.51865394042,3.18091195324
1.02242359596,1.23841914902,3.01410247568
1.95251063516,0.743568756959,2.64347192102
1.31200801153,1.10908583903,3.40135929265
0.375489344753,1.3695355837,2.96402590883
1.55162069495,2.66195462156,2.86761555243
2.133016538,1.07421208256,3.61194538984
0.489465413531,0.960303254303,2.56026577487
0.820767909455,1.70384133175,2.25526324907
1.38518874517,1.36650645793,2.99189518094
1.36619559756,1.61383072774,2.06736361495
2.04138411072,0.791307451498,3.3014492628
1.06858802426,1.33917166864,1.80712883488
0.468871486337,1.78678395814,2.87751149488
1.47175180703,0.794474189306,2.93313772103
0.645389713317,1.37615906619,2.87881288275
0.230213993124,1.4399497759,3.09569957218
0.526560546895,1.28625212861,2.34800399232
2.95866217147,2.48297564388,4.05196393721
1.81370801292,1.47914849128,3.53561695702
1.01011214927,0.717908079419,2.56463775497
0.459459583244,1.32124853676,2.83357381786
0.913083894146,1.67809715702,2.24174077518
0.717894860478,1.41274901433,2.60197121261
0.994166959342,1.16123140295,3.23130102199
0.64860053484,1.7704189428,2.5039242138
1.51997750117,1.60568068975,3.18401303487
1.6716903672,1.29955222267,1.53475422011
0.927657900903,1.1155023497,2.95928514111
0.781845562052,0.796631307709,3.0608155637
4.7848779497,4.86077619773,2.28400108963
0.643311687054,1.05343414545,2.94383849549
0.734654355792,1.96116580338,2.73477818706
1.08571891193,0.694837891358,2.47250034491
1.13028278026,1.0073886806,3.22349348711
0.257500817896,1.59445260622,2.95625905918
0.433671242827,1.76742945861,3.16787979387
0.658762166846,1.87427011368,2.80783570822
0.989006480181,1.88053896824,3.7549356409
1.91484149076,1.1488539903,2.59878943073
1.00422998772,0.858368721111,3.28227507194
1.19571443421,1.09151231605,3.08139747679
0.567223938199,1.64347638212,3.28956885178
1.71195102267,0.628358974286,2.91370483102
3.27109153619,2.72565253734,4.25204943023
1.01011214927,0.717908079419,2.56463775497
1.74722544984,0.525884727169,2.54628796512
0.844008945721,2.10917663717,3.26854913541
1.88896628847,0.674081197788,3.03776986809
0.923329382622,0.531209938494,2.51494437102
0.880717410436,0.695452796871,3.00583042042
1.36401829441,0.709358140972,3.04206988735
1.32148160563,1.45241824587,2.14212082226
1.0837089269,2.15983738446,3.1015110804
1.149555395,0.987847132473,3.50199862049
0.961391181297,0.644178076759,3.0860341712
0.827458807916,1.37131511368,3.51945935559
1.7618326485,0.571263676534,2.40413384257
0.496962764553,1.67498522725,2.69839960887
2.7462665398,2.93808898709,0.771777487625
0.836252936698,1.13720119463,2.66200348185
2.5311752744,1.53554352815,2.72020144162
1.25770461639,1.34194089989,3.54497444598
0.916460038154,1.65421493268,2.63943204672
1.56713216571,1.41378718592,3.41935754898
0.906873112829,1.12349073348,2.55962947711
1.04820706245,0.912913115938,3.18634198907
0.804630659473,1.14927733199,3.35078347536
1.39751525699,0.673942542025,3.11103660985
1.36593543029,0.735650038301,2.55295642605
2.32230801235,1.22808471368,3.81196497872
0.424996776819,1.40343267394,2.83813904077
3.32510720371,2.70348754886,4.15416989745
0.698929457618,2.04638132432,3.29376350767
1.92226877169,1.02020255158,1.86073606993
0.527377723147,0.976910170128,3.03005521564
0.417750552291,1.62579781713,3.00082164695
0.929202720633,1.54759965572,3.03261094528
1.18599953486,1.8364617988,1.9793740798
2.24414114591,1.55488921055,1.75647604885
1.87765325711,0.893855181715,3.46895286596
0.650198441933,0.880541744045,2.98385983944
0.269195262061,1.20880431318,2.78199571241
1.40363788658,2.03900112847,1.7835425586
2.8229813363,3.0258519077,0.797561938915
2.00121072495,1.87778684063,3.93130233743
1.03054849227,0.737637120496,2.52218350883
1.25876319436,0.293977386066,2.87440386798
0.876510751306,1.2497563177,2.98491968554
1.63318179639,1.46047671977,1.3130338786
1.69821571574,2.2108046638,3.11447528856
2.47745292675,3.73812518865,4.36647527309
1.51213233128,1.70563107499,3.171210834
0.590755285944,1.12202843346,3.00369244566
1.47111866821,0.824995211305,3.38943931333
0.886223281516,0.979546067094,2.6177912091
1.36466133249,0.758932078007,3.37249512598
2.32865968339,2.64440138304,2.85828854804
1.73940498722,0.693413070656,2.2817827338
1.78692501221,1.10775245399,3.39409144156
1.85419834978,1.05373660743,3.71386058642
0.555694274729,1.02556333922,3.04024359972
1.45455207337,1.58349040556,2.96512691896
0.989293199664,1.07112699166,2.54283581882
1.13729076291,0.992242451673,2.45708289569
1.56789576713,0.672960270522,2.04448661104
0.280767045746,1.36914192977,2.60799817478
0.909282300218,1.72482230131,2.16733877097
2.95575110792,3.02538193797,4.54726116341
0.900559201058,1.73766007598,2.53423957268
1.92052300409,1.46704098832,3.75888004781
1.21530814393,0.764280447082,2.24785843949
0.991191009659,1.58695376161,3.34270996291
0.786632123029,0.817519186604,2.93976430266
1.37660589593,2.58129288543,3.74597814343
0.648071776201,1.9307147316,3.39366762367
1.40666724249,1.06063455092,2.18443961952
3.63877060888,2.64438039178,4.80308275988
0.838073884171,0.687734640435,2.38526669407
2.25602540703,0.930261938334,3.23254175756
2.23028393045,1.69980031259,2.73935759471
1.93311609336,2.14111493772,3.85448031806
0.391512457515,1.67613416349,2.89502875305
2.71509471034,1.69855226447,4.00974897748
0.174091052344,1.48093570771,2.86422571837
2.09908382381,1.04700762951,2.0922808586
1.64043886452,2.34538865527,2.59631995902
0.870893329213,1.26537834102,2.75595578319
1.77641973701,3.08086916716,3.38996821629
0.71918648107,1.01080749649,2.58773445576
3.25248993112,2.78307495125,4.28540403704
1.17004516174,1.88988664613,2.80808799339
0.76285180662,2.04238221706,3.49244417726
0.258084312243,1.12484324896,2.72423944651
2.5403464151,2.08759323972,0.750803253837
1.39667273032,0.770241845176,2.53580987209
0.601016650681,1.17720566703,2.99846978598
0.391512457515,1.67613416349,2.89502875305
2.31276917985,2.47228524041,0.888989779097
1.07873735865,1.71375051944,3.44423114653
1.3299737519,0.706180927693,2.4437034777
1.59230912004,2.7415045336,3.58748857694
0.409335616354,1.03901141664,2.7236729876
2.32887024627,1.9298989879,2.97135296708
0.827759625366,1.43497652892,3.02043416785
1.95011608293,0.936518885332,3.5711504933
0.333729603711,1.66706593777,2.98220621276
1.32300196622,1.48521130792,3.46148455111
0.31591117986,1.44572192607,3.04535179626
1.65362428231,0.94493687694,2.0511961992
1.54448343973,1.45069240498,3.51287676396
0.227941102792,1.39918407746,2.87931669357
2.04073630785,0.770211372236,3.23465466439
0.982960613182,1.14182472859,3.41987508745
0.516452973,0.963820127689,2.97160333687
0.703345380275,1.82666434513,3.1961966146
0.788470942691,1.59824477279,3.40958219889
1.76502603407,2.78896312275,3.09336696033
0.435429256438,1.79199888782,3.13498882479
1.95168599883,3.2783353704,3.99973879963
1.28587579553,1.80901477054,2.98996028238
0.511535511174,1.61355995442,2.7570907057
1.13133934209,1.62249166805,3.01731158681
1.55586141309,1.59533368605,2.92228895623
0.904234219271,0.651201396506,2.85096325057
1.17587671082,1.64363906512,3.12201171218
3.21480491697,1.85534497458,3.3552229706
0.740703321231,1.79754198642,2.7994231684
0.689607749221,1.94566933673,3.48576964906
0.683917094251,1.50461366703,3.16844444808
2.84282310914,2.59941476943,0.842889617339
2.28952674972,0.979491542335,3.29333102736
1.09411324904,0.682995313696,3.04789711505
0.617663516947,1.26012729944,2.74260299273
0.521472861905,1.46897578446,3.14263963515
1.35653993037,0.785762143133,3.36908152642
0.901692705602,1.33575490814,3.24504981696
1.43528716964,1.62595578011,3.32548481963
1.26084235142,1.83232003725,2.10443558529
0.525695552072,1.00288502794,3.00709880416
1.92271148857,0.637621039054,3.12330304687
1.84487005049,0.826705134688,2.7871244084
1.46456938832,1.21028414261,2.12449261301
0.946095453891,1.93247242439,3.47669258057
2.71509471034,1.69855226447,4.00974897748
2.11333526033,1.04519619989,3.48702730182
1.54157324781,0.512988366904,3.20921322676
2.2605646136,1.05221231759,3.05660172471
0.982862573725,1.68388589987,3.05478638809
1.89479511347,0.795219207103,3.07067674874
5.14574420259,4.79463796042,2.28674797136
0.798648463092,0.96275486739,2.74473836882
0.917963523516,0.978450539357,3.35915406109
1.06858802426,1.33917166864,1.80712883488
1.80278994143,0.851583921288,3.36115819959
0.611817787924,1.24815246383,2.26374288891
0.787653811522,0.626325206179,2.76760631608
0.342609282605,1.43684218091,2.84975332881
1.54425720247,1.97699974777,3.86293630123
1.26126046329,0.692392668643,3.14542450453
1.03496719452,1.12694825051,3.34449222685
0.602297700375,1.72959578519,3.07623139115
2.38893747543,1.281728711,2.26913871704
0.606433941719,1.14545042235,2.86888676872
2.75274489919,2.18026666617,3.24790817715
0.927657900903,1.1155023497,2.95928514111
1.78109049943,1.08934802872,2.19611280281
1.28599668827,1.03802634412,1.92855696883
0.385024945622,1.54550001682,3.16027947709
0.622922783219,1.94936384595,3.0694264512
0.326418193873,1.35598698917,2.81323336654
1.6841397914,1.5633048228,2.01580277987
1.90206281566,1.77582875137,1.09544090372
2.25920861641,1.51737633456,1.61165373298
2.25602353669,1.23885552459,1.87165853829
0.623304785005,1.56962279295,3.3379575225
1.44013759879,2.02164660372,3.60154997909
0.961391181297,0.644178076759,3.0860341712
0.494871831631,1.56520811913,3.12140972556
0.917795003838,1.82689443015,3.49238417119
1.92259487213,1.72677809898,1.23880187766
1.67733675907,0.986232471748,2.18220285501
1.58054589035,0.4917644419,2.2649012551
0.883224613025,1.25021211004,3.04538253845
1.80336307589,0.530380157254,2.58171906243
4.10851547047,4.24221351513,1.73519841294
1.65362428231,0.94493687694,2.0511961992
1.87855954649,0.782876342554,2.70502268352
0.838443365855,1.46796415436,2.46528685533
1.48702942906,1.1847321932,2.65266590622
2.36528457258,1.69980069331,1.40418491337
3.4075284231,3.15997191125,0.636901761608
0.6457757448,2.00674293579,3.18128115218
4.06468804566,4.05372322991,1.43462530362
0.475002966276,1.33328085505,2.41014345196
0.940565198873,1.73850733787,3.1133647081
1.86998866183,1.41281861154,2.49420476867
0.870893329213,1.26537834102,2.75595578319
0.545111602901,0.834357411658,2.75582483645
0.350387101175,1.03027251376,2.80663691859
0.527377723147,0.976910170128,3.03005521564
1.62051233492,1.29615284009,1.42660371153
1.01999442238,1.00080631359,2.45749249406
1.47175180703,0.794474189306,2.93313772103
1.58239148886,0.527718103224,2.22038848832
1.88447085332,1.40477204772,2.26918269274
0.480506156385,1.53936534334,2.52903364249
1.82562927052,1.58071947665,2.99505501489
1.42368125931,0.86590794123,1.8760435776
2.76540503097,3.05170835996,1.0924235942
0.611817787924,1.24815246383,2.26374288891
0.697118211676,0.741844755083,2.59172137624
0.559641724272,1.53122033103,2.69724928234
1.84400478628,0.76598249524,2.87509276661
0.612091862626,1.69707380638,3.32622507021
1.00600333146,1.14451596706,2.88527031454
0.831052533495,1.43866321881,2.77636905546
1.48362665244,1.4164097617,3.19297957026
1.08918433448,2.06030435999,2.40735778931
1.0841368241,2.11822780467,3.10729652291
1.30728277349,1.63244696843,2.71914790912
0.35822392023,1.04379558261,2.82514551186
0.988389468676,0.57313835118,3.02142190142
1.16599537557,1.07588943894,2.98824953992
0.756489211148,0.960090023184,3.0084646577
0.358872400355,1.48780154783,2.78610107744
0.622025962609,1.353608341,2.97791967868
0.561138170856,1.29998911026,3.15182081551
1.8757400143,1.4509929306,3.97623659973
1.15924207002,1.51673803696,3.00069264115
0.975891043602,1.94442385854,3.11996266772
1.66869328038,1.50973891108,3.06504953431
1.02978225269,2.27644969174,3.17338381554
1.56193713274,1.03115534283,3.69620201671
1.35696807986,1.25363025092,1.76989759988
1.46880012471,2.07834806311,2.22598393745
0.913725682932,0.474279932683,2.73001141377
1.78971192794,2.84413496655,3.81274318709
0.524657529009,0.86975992614,2.86293949164
1.14483577253,2.45315726297,3.43901631143
1.57473284268,2.65523229312,2.52319297261
1.32858769234,1.12822575213,3.47577911462
0.459836197654,1.53111625358,2.98325257345
2.22183333823,1.00812616858,3.45241885835
1.90182755593,1.77849848599,1.37813364322
1.63557895707,0.589132371306,2.20203486006
0.880717410436,0.695452796871,3.00583042042
0.953690895392,2.21048711087,3.67777846232
1.19661773233,1.33741419106,2.34777936567
1.82166455352,1.24039957242,2.76548792092
1.93271741901,2.25446897134,1.19529338899
1.23104487781,0.317879675507,2.4187782675
2.05657440253,0.72100214651,3.09557732667
0.461159219503,0.917125477914,2.6707465992
0.420320675975,1.05921877352,2.60076916252
1.56939660634,1.81962694398,3.73430773921
2.5444709779,2.47220841801,0.742418636755
0.436867968321,1.29445502633,3.053727111
2.65365067993,2.36602179827,0.929581123126
1.69762366115,0.835499110892,2.98673318135
1.48702942906,1.1847321932,2.65266590622
0.48571017914,1.30217591323,3.15682644394
2.51791828149,1.29813351283,3.28863581176
0.916721337424,1.24935448551,3.10829363556
1.61523466462,1.99927025617,3.65254362325
0.65712690369,1.89715150358,3.30591900286
1.07534465087,1.60167532445,3.74436846797
1.80455373215,2.05270476036,3.49315673028
0.925450690474,0.727944823069,3.06193549233
0.789575408139,0.963286804088,2.83713131144
1.13850028641,1.57539720721,3.04117211579
1.50730434107,1.26011955659,3.33709041612
1.51676463372,0.705235110724,2.14201392641
1.3567757407,2.41777994384,3.71507511747
1.54157324781,0.512988366904,3.20921322676
0.849009455382,1.81429984119,3.11128233365
1.39653666935,1.76268008518,3.42305422982
1.48451671396,0.531738455517,2.87033524201
1.22723451657,1.05933722382,3.44856217593
0.732478137634,1.26433938119,2.87764906423
1.0342685267,1.56341498587,2.65313906133
0.55510972406,0.875844397816,2.62324488416
1.6943856996,0.706422881982,2.61181740174
0.567223938199,1.64347638212,3.28956885178
1.28587579553,1.80901477054,2.98996028238
1.42250218479,0.820733831825,2.73147134184
1.30371179821,2.41064495702,3.0029749531
0.70723672656,0.74455454683,2.87134112093
1.3114309587,0.396021534182,2.72035715536
2.35487114657,1.48355136764,2.39042275907
0.57920878756,1.28984751225,2.63702849065
1.47404566869,1.24073471692,2.13671514405
0.758862259791,2.03009401066,3.35895226996
0.900559201058,1.73766007598,2.53423957268
1.06687130779,1.56587008847,2.26058729588
1.73422526405,0.97957585875,3.32372954917
2.64145020299,1.52912945619,3.49505407414
1.04768941807,1.93916467947,2.98143359034
0.392054041331,1.29331920542,2.75541813657
0.43589692377,1.47432650363,2.79980252119
1.80940428488,0.835071149697,3.4221700014
0.880717410436,0.695452796871,3.00583042042
2.51920233543,2.9596194931,1.34241290413
0.303253156736,1.23475564234,2.84917050278
0.887185615578,1.24525107927,2.89686891674
1.02446680446,1.0356084371,2.42520472524
0.820170186739,1.32396209307,3.12145919748
0.680953135923,1.79106838281,3.37442987642
1.30667669961,1.33411931811,1.72614948364
2.7391879955,2.17024495174,3.234712205
1.69501738617,1.63725592947,3.78109626385
0.744463563786,1.51681926154,3.0089041754
0.929202720633,1.54759965572,3.03261094528
1.19043056319,0.766919765819,2.13677889998
1.72149192589,0.595663773063,2.66974607235
0.171770969845,1.23817419717,2.72494615381
0.814830476541,1.30278033045,3.35653896976
1.16610543287,0.362412041387,2.43375389441
1.41283784057,2.38524766321,3.38104495688
1.68634295502,0.944278121931,2.10809944808
1.55561345046,0.798518743173,3.46386020363
1.27869169785,0.526312333307,3.09913958679
0.257500600514,1.4905922152,2.74885427244
0.477936869869,1.22698705268,2.67070722771
1.90543941375,1.21046849031,3.80652269513
1.78825259211,0.996535357251,2.58345608123
1.61447376345,0.544289343104,2.37273519573
0.638890366388,1.73564245884,2.65917476955
1.82736442271,1.01599601599,1.94609797863
0.698100625857,1.06720585355,3.26865315272
1.07021272485,1.76552603125,3.28881903624
0.738116077316,1.79485071667,2.71942301507
1.47530136047,2.4453365923,3.12299831562
0.719528972321,1.3750654099,3.35679532609
0.947558223193,1.1564171636,3.24286383758
2.38596374906,3.5579856411,4.17962001656
1.149555395,0.987847132473,3.50199862049
0.774675441344,1.23487211317,2.7465142333
0.682037022233,1.12294407109,2.48561018027
0.907699438492,2.21476497605,3.57633584777
1.14113484706,1.56307565844,3.51715966144
0.343786509354,1.29721069135,2.91639452713
0.31591117986,1.44572192607,3.04535179626
1.7296823017,0.531527546491,2.80613224193
2.01069660151,0.749548542618,2.50943127538
0.74145989167,2.02888969791,3.05008483161
1.51149711222,1.52834517098,3.05392894963
1.30728277349,1.63244696843,2.71914790912
2.34554131268,1.00697252778,2.72239729724
1.94662932181,1.28003649105,3.18442256302
1.23040302601,2.53756175138,3.4496075446
0.717233108775,1.98323632848,3.2087160372
1.83725589561,1.17751507279,2.03056434771
1.85891433431,1.32214411278,3.85602474779
0.400913960394,1.04361377222,2.88600481887
2.69562384711,2.04674330503,3.41813915899
1.59986026245,0.759622974878,2.12210788675
0.554846169094,1.39760120796,2.79170734024
0.984779548864,1.42371506481,3.60001334879
2.35590019012,2.12993355405,0.5742522953
0.406459655066,1.70744309201,3.19355951958
1.62611207569,0.447160781936,2.38264108099
1.07873735865,1.71375051944,3.44423114653
0.583275594638,1.05113172636,2.53149620197
0.640255325221,0.93544681949,2.69785703914
1.22690119486,1.45949588686,3.45592503855
2.02553339071,1.21066836807,1.85313225755
0.730151742261,1.27312512879,3.37891534012
1.21557888034,2.52394909538,3.38688303172
0.906123637371,0.857270971485,2.87473585752
2.45576277984,1.71570859494,4.37642888914
0.680352609707,1.39138433781,2.28281565165
1.86920222279,1.84825559794,3.46523717517
1.57609807096,1.72977843674,4.10045926294
1.74208181984,1.05510492535,3.16462943675
1.26991232455,2.56865694463,3.20200645023
2.45576277984,1.71570859494,4.37642888914
1.75965631735,1.97128570959,3.60534939725
0.762177609398,0.851706193544,2.59276822729
0.430596755645,1.38471480229,3.09131110794
1.19354778026,0.686987975379,2.10415552792
2.81745744504,2.68536747695,0.640668045256
1.22966385096,0.336307211822,2.53764565518
3.03825889824,2.14673486326,1.73526804039
3.44437347509,3.80283946206,5.00021135325
5.04453287465,4.98040248654,2.2910325149
3.8061504735,3.37327391224,1.03052045878
2.27486151646,2.17969929172,3.92902504112
1.53449984542,1.60966746213,3.0545053689
1.84876387559,0.980625706143,3.40586263455
0.405636095907,1.75937291095,3.01765382829
1.56713216571,1.41378718592,3.41935754898
0.334675935535,1.64812139169,2.90104077149
2.47414676992,2.21049202466,3.67865733293
0.965134479098,1.30941834112,2.44806718407
1.91972309191,1.807797897,3.46663683681
0.868480068533,1.3880631523,3.51478009626
0.739306970741,0.885029098103,2.80606996403
2.45104096974,3.71426715205,4.31472073022
1.88091408469,0.537093508984,2.93816854008
3.27824982592,3.53592189134,1.28885283083
0.67519192286,1.73380068106,3.02259587172
0.914639405691,0.989984482992,3.05336226848
0.602265914487,0.990048021423,2.7349321276
0.439033997667,1.02791214509,2.73496873599
1.13782155463,0.498984999061,2.51543417968
2.53293292823,2.71050237655,4.19101735833
0.586566031993,1.56984891074,3.44596131731
1.87087147289,0.804858405705,2.10212692957
1.42250218479,0.820733831825,2.73147134184
2.27215206884,1.06250730107,3.54848472955
1.36771802485,0.688164820514,2.83120033953
1.91196269378,0.657310891048,2.89742377602
0.424122414552,1.25611267688,2.94592383658
1.46748389261,0.536650342051,2.89328462629
0.718784305169,1.48873815852,2.91622267082
1.58116215883,0.346488454506,2.51258642334
0.365713990068,1.21976265611,3.1010046379
1.07547646034,0.690364460521,2.16496952938
1.26395387067,1.48610592776,2.84030447653
0.951892786238,0.509611387875,2.90323121108
0.155420709344,1.2823220061,2.78721296204
3.0367247345,3.1131773969,0.845501472893
1.94989444563,1.30970921583,2.04286379271
0.643922847825,1.97274730439,3.24393986711
1.6488530442,1.04885970719,3.09939110598
2.37023031846,1.3591198511,3.88081394889
0.65712690369,1.89715150358,3.30591900286
1.39521869462,1.12867431487,2.79444305507
2.58343048232,1.74192317634,1.46920922086
0.814260534377,0.880330576845,3.01497837745
2.02290927044,0.792214119975,2.89196772956
0.640578550731,1.0819153855,3.03311739714
0.787653811522,0.626325206179,2.76760631608
0.49919536293,1.12415605577,2.9726005181
1.41871210696,0.537707546584,2.53695224277
0.462778378372,1.3321248527,3.09088600009
0.774408453408,0.985044546179,2.61117847364
1.58885024634,0.692199368051,2.1225823525
0.509774058117,1.5479328735,3.30464325425
1.81306800879,0.837579202467,3.05567562344
0.729261721848,0.935845476155,3.1648231295
2.38382294738,1.43129662978,4.00576267202
0.630435894471,1.10089043216,2.80483587553
0.356368755729,1.71637424252,3.02752506609
1.70393147078,0.886967940285,3.02400663772
1.36481397976,1.80797246388,2.92691851519
0.778870376505,0.798896213395,2.46350527924
0.989028046847,1.95894137493,3.1223211436
2.2525301116,1.12973572582,3.31272845985
1.38195410661,0.36542730048,2.73209301902
1.48856472119,1.21283485611,3.39253642472
2.11813334919,0.991014800669,3.50493882133
1.36619559756,1.61383072774,2.06736361495
0.486166165686,1.53096705833,3.02664194003
0.188595464475,1.24699479005,2.71192088914
2.07989758392,0.862142269104,2.42073956986
2.46197277035,1.71923399301,1.32051438363
2.54387817005,1.46408095646,4.00919778604
1.82350918601,1.75827170745,1.2176732255
1.12031851743,0.399705160362,2.612824649
1.18649177174,0.721798231004,3.29350879546
0.64860053484,1.7704189428,2.5039242138
1.44426174372,2.01715915629,3.13670747646
0.565681116928,1.71360972399,2.88022878541
1.73306282903,0.581638519469,2.59556876025
1.29203908928,0.836366577662,2.06224497708
2.24291623284,1.19597000352,3.68231221058
0.422583003032,1.30668660352,2.9437552044
0.346116756224,1.63149947206,2.97373528743
0.580754602057,1.43921176516,2.87849424251
1.06958496137,0.6691647674,3.15959202305
1.55561345046,0.798518743173,3.46386020363
2.04635486668,1.20866005574,3.16390221117
0.752689574907,1.53295503593,3.15925440145
2.4926850978,1.94238953771,0.94365929556
0.598539101896,0.878721267737,2.97316685041
0.883217868649,2.21685178431,3.50651721845
0.921518372018,1.38890010925,3.33754679191
1.32746176318,1.25222682707,1.73643112405
2.27215206884,1.06250730107,3.54848472955
1.09985102829,0.499149344866,2.99062083726
1.17122001506,2.50744820219,3.19958508354
2.00503167052,1.56855752209,4.24838827636
1.59502819293,0.613352494453,2.91092376215
1.47669157236,0.348453248521,2.39051349136
1.57130807294,1.55472362176,1.85496361281
1.16726039986,2.3965758048,3.07649447933
2.6222308381,2.44011951257,4.12817408211
0.459836197654,1.53111625358,2.98325257345
0.616442796671,1.20374044994,2.99292810132
1.33827456402,1.25739110362,2.16949809752
1.63634375512,0.341245356807,2.91340007976
0.731506700543,1.08932439968,3.31285445224
1.64948214398,0.756474455772,1.98528425575
1.9588810983,0.900397870251,3.52701953291
0.617663516947,1.26012729944,2.74260299273
1.83638310593,0.857371010065,2.63234684263
0.516523016472,1.52124015059,3.30472543971
3.604074947,3.38532678809,0.76491320353
1.80716481487,2.89798772844,3.32844760934
2.36603980772,1.74304626233,1.66740059314
0.776513377074,0.906521348312,3.19727332542
1.11475103956,1.1024543367,2.70740767116
1.76860252721,1.23258385528,2.75703205233
1.71195102267,0.628358974286,2.91370483102
1.93311609336,2.14111493772,3.85448031806
2.17385400834,1.84180266101,1.09938014962
0.387842037416,0.999318785312,2.65811119788
1.0592627597,0.872612941091,3.08833846852
1.57074124808,1.3847588201,3.42587266392
2.06451566118,0.888844918905,2.36778648088
2.97293486734,3.08383553832,1.05487424598
0.550872736761,1.71606171297,3.25306383783
0.58745204265,1.54159246063,3.15861927232
1.28282381989,1.91877390805,3.32578183383
1.35783428391,2.4352416324,3.00702194238
0.820170186739,1.32396209307,3.12145919748
1.05413017795,0.886217699677,2.1230828206
0.429337184958,1.60535651652,3.04401429232
0.359530805471,1.51041095155,2.68375057713
1.56792190143,0.844734696291,3.19254720684
0.905832141643,1.53678837074,3.59960550356
1.79378061588,2.1371235624,1.50820893116
1.52007941275,0.484753482611,2.75888325651
2.2690185397,1.13540099253,3.05828388705
3.01574783823,2.70994805549,0.456008298207
1.14387001342,1.39882296923,2.91738942212
1.33284690479,0.752626608631,3.17428857519
0.843411362937,1.88492527505,3.44886481528
1.09022008685,0.763829361713,3.29016137301
2.25296840953,1.19564592525,3.08371040082
1.43455019272,1.36749661559,2.96059449527
0.702892219492,1.19106661974,2.45288847536
0.800162370448,1.05220588512,2.60497138358
1.05451188145,0.910470168462,3.14106411354
1.15936675287,1.14912270284,3.48815913827
0.71978670974,0.997873403501,2.92520907567
0.620885344427,1.45984464361,3.2352435361
0.342609282605,1.43684218091,2.84975332881
1.2755263273,2.35070298403,3.40680050415
0.677951796659,0.842870971573,3.03743232498
1.04486341427,1.22115540054,3.0207317055
1.13378616739,1.87144505839,1.99449615698
0.201102396114,1.26144211409,2.90255468418
0.67519192286,1.73380068106,3.02259587172
0.672730490472,1.70952389983,3.15119127896
2.30116059796,1.61060531469,1.4254426456
1.35696807986,1.25363025092,1.76989759988
0.640602461026,1.13184653414,3.00166846547
0.310786757425,1.49951640709,2.81651254368
0.90708004376,0.594701612152,2.40999323267
0.50410558089,1.3557566488,2.4535984029
0.389103162274,1.60319093899,3.24562517899
1.52960131206,0.181906999126,2.68333364226
0.259330020058,1.26200205646,2.6558870756
2.26514687641,1.28374598378,2.27906081662
0.598862132583,1.71703095334,3.2731818639
1.75630035733,0.902801559595,1.86767489794
1.49752827221,1.50381261343,3.36999268983
1.68476416612,2.83549195012,4.10899681376
0.854047146566,1.73039230531,2.71706577908
1.21280720329,0.314596042418,2.88759600084
1.00944251579,0.773786713004,3.15615424416
0.994873869787,1.25300839282,2.41207770595
1.6841397914,1.5633048228,2.01580277987
1.49233280283,2.27425946799,2.93827689379
0.572307817593,1.74799147245,3.09358423215
2.38972321281,1.20223398166,3.41201779709
1.78755996427,0.830683062172,1.97334625187
2.51791828149,1.29813351283,3.28863581176
0.732128904449,1.07747475678,3.24072945702
1.6119568433,0.500618137261,2.42792765545
1.40037710856,0.501140878905,3.17468449919
3.22559874778,2.74529808279,4.25781926946
2.16187843975,1.30132392184,2.37454208188
1.46001917709,0.998361355368,2.985209336
1.21588395853,1.1587113963,3.59904630944
2.29221965664,1.97407229265,2.32022293811
2.04359897966,0.721624560555,2.89392525294
1.10717925342,0.641820004095,2.53563566414
1.50591238349,0.590815868329,2.7980826248
0.876652372228,1.02552472493,3.3295309231
0.211327526285,1.52116980308,3.04867473508
0.524726207851,1.45515083329,2.57057131948
0.65582282944,1.7408809232,2.6707281776
0.782110293259,0.892111702912,3.18901565449
0.38504475753,1.54077775353,2.93354989743
1.53636455249,2.85828675831,3.36008795888
2.05224218613,0.847268755703,2.39835096227
1.62854458764,0.9700072824,3.6420235569
0.585064488178,1.52766484028,3.1006344944
0.66894355791,0.74500506822,2.8003465597
0.926789063391,0.914142022999,2.93141667657
1.16610543287,0.362412041387,2.43375389441
1.21557888034,2.52394909538,3.38688303172
1.33351339155,0.189351061925,2.76570549518
0.99235091296,2.03664623039,3.45538787154
0.943141186611,1.3602606992,2.44209544395
0.389680345155,1.32668764958,3.18543586451
0.789342612248,0.586133038354,2.61401695561
0.611882726526,1.41688331741,3.07578567053
0.970912037576,1.78721945997,2.11715392046
0.737974092907,1.56691369232,3.16024354752
1.97759142388,1.1655058184,3.65269727776
0.753796571621,0.840599676525,2.93223746852
0.600686144495,1.30596359932,2.40346650355
0.990554163581,0.484371182398,2.53039658088
0.774483410169,1.90124739093,2.85838896482
0.24904955155,1.19793965406,2.94563988556
0.904234219271,0.651201396506,2.85096325057
0.592300867646,1.27636565106,3.09036311939
0.541628159286,1.81267666775,3.0555810471
1.47647322799,0.658966257233,2.04975191388
0.849009455382,1.81429984119,3.11128233365
1.66025933197,0.801887785321,1.97959757649
0.521125795774,1.70670437526,2.65034908769
1.52364449833,0.435816349313,3.12136594191
0.804386725332,0.902840986992,3.02531172769
1.99569338096,0.697947147893,2.89242683852
1.15151708277,1.03219568786,3.18065136441
2.06103709038,1.17459323543,2.45396680917
1.4779636472,2.42008092129,3.82828912598
0.65582282944,1.7408809232,2.6707281776
0.554172348615,1.64862494874,2.66822737623
1.3198156824,2.42277939608,2.5968230387
1.0108157433,1.44171351284,3.31947484164
1.98984100021,1.0041761233,3.63640343989
0.469890267041,1.29263912442,3.04856247285
0.838443365855,1.46796415436,2.46528685533
1.19086505007,0.738247420975,3.28366274506
1.16134007334,0.812884980574,3.18976963689
0.673935586793,1.35074150126,2.27549223434
0.831052533495,1.43866321881,2.77636905546
1.37016509391,1.2255341772,3.5799469298
1.70393147078,0.886967940285,3.02400663772
1.29223044883,1.61907589225,1.94345999591
0.951510226323,0.835109546261,3.23360011209
1.48840112782,0.636038356131,2.12234681099
0.677707882982,1.48366000247,3.49588986999
0.895501306061,1.93713365961,3.11645130755
0.589581034295,1.86531862765,3.32005772172
0.643311687054,1.05343414545,2.94383849549
2.37606557187,3.43872436631,4.41969415956
2.32243399136,1.04212623308,2.88724802719
1.04246007182,2.29192500381,3.17802265178
1.41197637065,2.28081219617,3.53001857307
1.53038579949,1.01317315913,2.14250757382
1.91571200489,1.13614668701,1.79753288882
2.19373183666,2.01270526398,2.94900276881
1.67733675907,0.986232471748,2.18220285501
0.500234848999,1.60848099296,2.55418672747
2.03028005128,0.834972355958,2.44600972751
0.698477577172,0.81467823193,2.61662965769
2.37420706766,1.07784405116,3.28976641674
1.03739513415,1.42411838727,3.08015056064
1.67733675907,0.986232471748,2.18220285501
0.840747235489,1.43105229167,2.43442618273
1.58628013734,0.526199223611,3.02742363691
1.19826020156,0.999474481385,2.74822798837
0.725726320668,1.69350532016,3.36994599383
1.11891500571,1.00479907133,2.0259642168
1.06733691733,0.801060573381,3.30461984717
2.26514687641,1.28374598378,2.27906081662
6.63828445238,6.42981678979,3.80802788025
0.936843837963,0.54292377728,2.93982457158
1.90094906901,0.964396014904,2.71664238038
1.8748275198,0.66879044329,2.49997654615
0.682487395121,0.773346985649,2.95805959154
0.348654119836,1.08910660111,2.78010388775
0.587921601677,1.9479832736,3.20225135248
1.29223044883,1.61907589225,1.94345999591
1.42439528652,1.62994097871,2.77679737238
1.76714623011,0.927886908998,1.88164218521
1.77402412655,0.573306457775,2.75714579804
0.450910238245,1.73770744295,2.81622202668
0.493506780405,1.84537276994,3.1887227506
0.540492055409,1.87181648685,3.23357228052
0.332123222157,1.4818604419,2.83527074661
0.559706451207,1.5301500773,2.76893888995
0.9624883466,2.31003575646,3.19860314859
3.03825889824,2.14673486326,1.73526804039
0.834528272566,1.85738732469,2.50411393179
1.2049950909,1.36605526818,3.12774112772
1.92836997662,1.96706309576,2.11240073035
1.14418445957,2.0687150999,3.00832472339
1.71461988796,1.42087736778,2.23335771466
1.59574348658,2.44990850018,2.68996379269
1.65362428231,0.94493687694,2.0511961992
2.57899447525,2.23427050485,1.09090813704
0.823834478635,0.564499966146,2.76544295472
1.40687353498,0.975912072547,2.72790880172
1.37330174675,0.920080634596,3.1824478025
0.390002784013,1.53737705724,3.04313722017
0.919319618179,0.749448473626,2.93855702269
3.44437347509,3.80283946206,5.00021135325
1.26150856334,0.956126596535,2.7835608396
1.80336307589,0.530380157254,2.58171906243
1.79013895639,1.74269652036,3.69745577038
1.57830258688,0.690986495035,2.42683440469
5.05437439272,5.08064896532,2.38560474899
0.424122414552,1.25611267688,2.94592383658
1.06976784663,0.727148622551,2.99930014768
1.53379159961,1.71443158015,2.70940988885
1.94557599665,1.02004585674,3.70024667543
0.452482362798,1.74021425459,3.19404759261
0.681362448124,1.49025151688,3.01137765799
1.82133375518,1.2364588863,3.73404389109
0.456117065119,1.16390610837,2.80346606071
2.28064592629,1.21738622343,2.51632791663
1.67733675907,0.986232471748,2.18220285501
1.33827456402,1.25739110362,2.16949809752
1.65065308945,0.377336813489,2.98873821327
1.03739513415,1.42411838727,3.08015056064
1.26803408218,2.23044529749,3.34281060148
0.968310441175,2.01585204265,2.87691433878
1.62459891234,0.923000039004,1.79341461781
1.58034742041,1.41803939243,1.36871959045
1.19661773233,1.33741419106,2.34777936567
0.719472298597,1.02850692116,3.04411749868
1.40054721327,0.681931954237,2.38502378804
1.084439893,2.1314564237,3.03095196231
0.842592340748,0.957855430814,3.09477917468
2.17278581536,1.86723372991,3.39943308586
0.866919028582,0.672276179473,2.57837623921
6.63828445238,6.42981678979,3.80802788025
2.55175780713,1.43412443226,3.95339569952
2.28915839284,1.18417286108,2.07060617942
0.534531497969,1.28388886908,2.99887457874
1.71614733621,1.24598933581,2.55641345463
1.7710584072,0.415266230186,2.79452344116
1.02332748764,1.64477552009,1.9587217499
1.1298807911,0.884930528186,3.21454842856
0.867342272778,2.02475764048,2.73985282214
0.944011164482,1.10074997383,3.27060276675
0.749436397122,1.12860369779,2.66724853697
0.697118211676,0.741844755083,2.59172137624
1.65075498059,1.04221207372,2.93672509546
0.707618410909,1.20885436994,2.22100128731
1.36042571757,1.04496850169,1.80458150522
0.599118572261,1.76473866313,2.61906082418
1.75239778121,2.78443066711,4.09386289765
1.12983562803,2.12644498282,3.04172823808
1.4631111816,0.537641873054,3.20210841158
1.77416703124,0.682490656779,2.18774445173
1.66179283939,1.84540172121,1.73489213423
2.57464962705,2.33791780239,2.83153255492
0.619833678622,1.94068811004,3.19121225768
1.80165388391,2.28895610637,1.57013818962
2.07081791147,0.738225027903,2.68979639523
1.36410430219,0.411819029749,3.09304480034
1.84335203416,1.57289765795,2.955352979
1.05808407897,0.488114622714,2.66957167236
7.10818207517,6.91434897532,4.28453767429
2.24737254117,1.55340276873,2.12933798063
0.544226742921,1.72288443573,3.17977675674
1.16769588095,1.0859437205,2.18255214551
2.83713820185,2.52551147042,2.70703879324
3.74328898059,3.2822152006,1.09103859977
0.65582282944,1.7408809232,2.6707281776
2.79221913389,2.84017691633,0.878815098925
1.59608581195,2.95650873228,3.77828767351
2.28915839284,1.18417286108,2.07060617942
2.33101498925,1.22837435041,3.78108966252
0.762034150473,1.12189707666,2.6669586508
0.682540712479,1.81333601862,3.16176690904
1.56879784121,0.626089295074,2.09685689504
0.494916688689,1.7098910458,3.19926596786
1.7013293538,0.801970920675,3.47640104715
0.554846169094,1.39760120796,2.79170734024
0.914639405691,0.989984482992,3.05336226848
0.939960055351,0.988680126751,2.98619923651
1.24036629903,2.28480852865,3.17515558161
1.30872837528,2.44191938982,3.92560667843
0.698100625857,1.06720585355,3.26865315272
1.71325657387,1.02723767968,2.89540109164
0.303847875376,1.29634960663,2.94663977057
0.638318104776,1.74811725893,3.32383421636
1.04768941807,1.93916467947,2.98143359034
1.12707202219,1.95926503772,2.30059846479
0.992905419434,1.87751845197,2.95115430089
1.15936675287,1.14912270284,3.48815913827
0.387842037416,0.999318785312,2.65811119788
1.23629369781,0.814602446769,2.23387833512
1.06314804448,0.916063061291,2.26666988383
1.34879464758,2.71250487822,3.59500745151
1.3645897201,0.455456963013,2.85121554614
1.32300196622,1.48521130792,3.46148455111
0.915197881391,2.20503291643,3.42612917238
0.630435894471,1.10089043216,2.80483587553
0.536852112255,1.47306598445,3.3721945526
1.71159588584,1.87484554341,2.42194734123
2.23563179651,1.34886849427,1.64402139973
0.50785404252,0.910828905583,2.86800733765
0.64215256477,1.35767748349,3.28775074202
1.0096146532,1.77040134893,3.58439472946
0.464974212657,1.75095098439,3.23926134091
0.619239784625,1.27424392353,2.32669020747
1.75417164571,0.717279547356,3.0703679079
1.32307442837,2.6192336029,3.48913099371
