3.02583847124,1.75210401022,6.9836745631
0.254058165049,1.52779262606,3.70377792681
0.0890666876726,1.18466777334,4.04690277954
0.284789185137,1.55852364615,3.67304690673
0.590363173289,0.683371287726,4.54819926515
1.0814323454,0.192302115616,5.03926843726
0.355508407056,0.918226053959,4.31334449892
0.990752335232,0.282982125782,4.9485884271
1.31210893315,0.0383744721335,5.26994502501
0.753223795827,0.520510665187,4.71105988769
1.99289367972,0.719159218708,5.95072977159
1.51091916007,0.237184699058,5.46875525194
1.40116036545,0.12742590444,5.35899645732
1.0880344536,0.185700007413,5.04587054546
0.175970910345,1.09776355067,4.13380700221
1.11579469984,0.15793976117,5.07363079171
0.649340545775,0.62439391524,4.60717663764
0.621128195305,1.89486265632,3.33670789656
0.256734137068,1.01700032395,4.21457022893
0.017661747938,1.29139620895,3.94017434392
1.3190198565,0.0452853954818,5.27685594836
0.327638825957,0.946095635058,4.28547491782
0.0788408881833,1.3525753492,3.87899520368
0.550931094606,0.722803366409,4.50876718647
0.35583125909,0.917903201925,4.31366735095
0.731132489341,0.542601971674,4.6889685812
0.942257359468,0.331477101546,4.90009345133
0.576536656159,0.697197804856,4.53437274802
1.45929581637,0.18556135536,5.41713190824
1.27540743357,0.00167297255789,5.23324352544
2.12286096547,0.849126504454,6.08069705733
0.790541178179,0.483193282835,4.74837727004
0.518740535741,0.754993925274,4.4765766276
2.13857732938,0.864842868368,6.09641342125
0.393421586829,0.880312874185,4.35125767869
1.15268447871,0.121049982305,5.11052057057
0.977114685473,0.296619775542,4.93495077734
1.13585913291,0.137875328108,5.09369522477
0.363610674819,0.910123786195,4.32144676668
0.786886195921,0.486848265093,4.74472228778
0.162376310831,1.43611077185,3.79545978103
0.170094013334,1.10364044768,4.1279301052
0.567747575004,0.705986886011,4.52558366687
1.00407537845,0.269659082567,4.96191147031
1.10277282688,0.170961634137,5.06060891874
1.30728414381,0.0335496827974,5.26512023567
0.634085156109,0.639649304906,4.59192124797
0.489291129175,1.76302559019,3.46854496269
2.48467256751,1.2109381065,6.44250865938
1.32684523433,0.0531107733166,5.28468132619
1.08063004271,0.193104418309,5.03846613457
0.859108331444,0.414626129571,4.81694442331
1.40593494069,2.67966940171,2.55190115117
1.06415584775,0.209578613262,5.02199193962
0.99008746069,0.283647000325,4.94792355255
0.11769990372,1.15603455729,4.07553599558
1.18735727676,0.086377184256,5.14519336862
0.486402957232,0.787331503783,4.44423904909
0.21465096121,1.48838542222,3.74318513065
0.463477342246,0.810257118769,4.42131343411
0.714801713587,0.558932747427,4.67263780545
2.08264593692,0.808911475902,6.04048202878
0.0725379587241,1.34627241974,3.88529813314
0.115726102595,1.38946056361,3.84210998927
1.93997911023,0.666244649218,5.89781520209
2.69670414769,1.42296968667,6.65454023955
0.471297566289,1.7450320273,3.48653852557
1.24090728793,0.0328271730832,5.19874337979
0.321338976942,0.952395484073,4.2791750688
2.26723615295,0.99350169194,6.22507224482
0.444177319746,1.71791178076,3.51365877212
1.80630735605,0.532572895031,5.76414344791
0.380247416754,0.89348704426,4.33808350862
0.0941997846598,1.17953467635,4.05203587652
1.11834341117,0.155391049841,5.07617950304
0.783919885169,2.05765434618,3.17391620669
0.531202449014,0.742532012,4.48903854088
0.933423237526,0.340311223488,4.89125932939
1.24970607963,0.0240283813807,5.2075421715
1.53921514311,0.265480682091,5.49705123497
0.199777602615,1.0739568584,4.15761369448
1.31798547963,0.0442510186126,5.27582157149
0.721986841297,0.551747619718,4.67982293316
1.20742450137,0.0663099596462,5.16526059323
0.921709932716,0.352024528298,4.87954602458
1.45948682431,2.73322128533,2.49834926755
0.902500012562,0.371234448452,4.86033610442
1.24985013125,0.0238843297596,5.20768622312
0.442069630701,0.831664830314,4.39990572256
0.870817220865,2.14455168188,3.087018871
1.18564728749,0.0880871735202,5.14348337936
1.32855617472,0.0548217137081,5.28639226659
1.96152424993,0.687789788915,5.91936034179
0.242653751358,1.03108070966,4.20048984322
1.29940115924,0.0256666982235,5.2572372511
0.210131356001,1.06360310501,4.16796744786
0.930015487301,0.343718973713,4.88785157916
1.34111352859,2.61484798961,2.61672256327
0.487823828266,0.785910632748,4.44565992013
0.928855295848,2.20258975686,3.02898079601
0.910257158425,0.36347730259,4.86809325029
0.436094956241,0.837639504773,4.3939310481
1.5562275223,0.282493061281,5.51406361416
2.43730185054,1.16356738953,6.39513794241
1.01671729369,0.257017167325,4.97455338555
0.442163075173,0.831571385842,4.39999916704
0.991397262429,0.282337198585,4.94923335429
1.71786627199,0.444131810971,5.67570236385
0.387228525111,0.886505935903,4.34506461697
0.903695671003,0.370038790012,4.86153176287
1.40403755037,0.13030308936,5.36187364224
0.609227118699,1.88296157971,3.34860897316
2.29578476454,1.02205030353,6.2536208564
1.39407116813,0.12033670712,5.35190726
0.444177319746,1.71791178076,3.51365877212
1.05733199583,0.216402465182,5.0151680877
0.0753699648565,1.34910442587,3.88246612701
1.07628716456,0.197447296459,5.03412325642
0.35934034267,0.914394118345,4.31717643453
0.73577310069,0.537961360324,4.69360919255
1.42145797414,0.14772351313,5.37929406601
1.18506824436,0.0886662166541,5.14290433622
1.84648371686,0.572749255841,5.80431980872
0.0934611671834,1.3671956282,3.86437492468
0.193222556714,1.46695701773,3.76461353515
0.295012273668,0.978722187347,4.25284836553
0.202298365098,1.07143609592,4.16013445696
0.25091976766,1.02281469335,4.20875585952
1.57870446549,0.304970004471,5.53654055735
1.46203757109,0.188303110076,5.41987366295
1.22508502621,0.0486494348047,5.18292111807
1.34858722395,0.0748527629357,5.30642331581
1.177417697,0.0963167640096,5.13525378887
0.249216483419,1.52295094443,3.70861960844
1.79392954618,0.520195085164,5.75176563804
1.88275134588,0.609016884869,5.84058743775
1.74404230478,3.0177767658,2.21379378708
0.386719510224,0.88701495079,4.34455560209
1.17319609312,0.100538367896,5.13103218498
0.636327294223,0.637407166791,4.59416338609
1.47255311997,0.198818658958,5.43038921184
1.57094139021,0.297206929198,5.52877748208
0.171112648883,1.4448471099,3.78672344298
0.409776116462,0.863958344553,4.36761220832
1.54410642997,0.270371968959,5.50194252184
1.20656336499,0.0671710960263,5.16439945685
0.78924184491,0.484492616104,4.74707793677
1.11578622288,0.157948238136,5.07362231474
1.14663273226,0.12710172875,5.10446882413
0.3835149519,1.65724941291,3.57432113996
0.382327251874,0.891407209141,4.34016334374
1.38181833308,0.108083872069,5.33965442495
0.794751337077,0.478983123937,4.75258742894
1.10750268773,0.166231773282,5.0653387796
1.553417561,0.279683099981,5.51125365286
1.37002749188,2.6437619529,2.58780859998
1.66885134384,0.395116882824,5.6266874357
0.362539384159,0.911195076855,4.32037547602
0.674991441628,1.94872590264,3.28284465023
1.42076798077,0.147033519756,5.37860407263
2.01707197181,0.743337510795,5.97490806367
1.74417722288,0.470442761867,5.70201331474
0.300277406901,1.57401186792,3.65755868496
0.837981955223,0.435752505791,4.79581804709
1.12923029636,0.14450416465,5.08706638823
1.39929980708,0.125565346065,5.35713589894
1.9798837526,0.706149291586,5.93771984446
0.888427239917,0.385307221097,4.84626333178
0.555861924377,1.82959638539,3.40197416749
0.542151749391,0.731582711624,4.49998784125
0.506351393503,0.767383067512,4.46418748537
0.696967479233,0.576766981782,4.6548035711
1.014890864,0.258843597017,4.97272695586
0.952309329128,0.321425131886,4.91014542099
1.87002348018,0.596289019162,5.82785957204
1.96750124691,0.693766785897,5.92533733877
1.21931019508,0.0544242659325,5.17714628694
0.592374169403,0.681360291612,4.55021026127
0.526442904876,0.747291556139,4.48427899674
0.66031435795,0.613420103065,4.61815044981
1.94226679663,0.668532335615,5.90010288849
1.3202023609,0.0464678998865,5.27803845276
0.873859884149,0.399874576866,4.83169597601
1.22862589056,0.0451085704574,5.18646198242
1.19845682629,2.4721912873,2.75937926558
0.317533281125,0.956201179889,4.27536937299
0.667443080473,0.606291380541,4.62527917234
0.797008977141,0.476725483873,4.754845069
0.443465263846,0.830269197168,4.40130135571
2.90725194541,4.18098640643,1.05058414645
0.518080081204,0.75565437981,4.47591617307
0.3638580513,0.909876409715,4.32169414316
1.29916142121,0.0254269601977,5.25699751307
1.08632460878,0.18740985223,5.04416070065
0.920113229292,0.353621231723,4.87794932115
0.914182513121,0.359551947894,4.87201860498
0.911425256454,0.36230920456,4.86926134832
0.476745220298,0.796989240716,4.43458131216
0.166268376612,1.1074660844,4.12410446848
0.147499995469,1.42123445648,3.81033609639
0.945532271386,0.328202189629,4.90336836325
1.70991225081,0.436177789798,5.66774834268
1.69787364007,0.42413917906,5.65570973194
1.3371254652,0.0633910041828,5.29496155706
3.68590918587,4.95964364688,0.271926905993
1.42702978195,0.153295320938,5.38486587382
0.66433958094,0.609394880074,4.6221756728
0.352245973865,0.921488487149,4.31008206573
0.369173273131,0.904561187883,4.32700936499
0.148777065309,1.42251152632,3.80905902655
0.889888731733,0.383845729281,4.8477248236
1.19136831841,0.0823661426015,5.14920441028
1.88275134588,0.609016884869,5.84058743775
0.595422522723,0.678311938291,4.55325861459
1.91926693303,0.645532472019,5.8771030249
1.29125048779,0.0175160267735,5.24908657965
3.18170053505,4.45543499607,0.77613555681
3.75316259947,5.02689706049,0.204673492388
0.717887388649,0.555847072366,4.67572348051
1.63453908905,0.360804628036,5.59237518091
0.323689328947,0.950045132068,4.28152542081
1.59868048756,0.324946026542,5.55651657942
0.309603013829,0.964131447185,4.26743910569
1.86281239513,0.589077934111,5.82064848699
1.37588366593,0.102149204917,5.33371975779
0.460293094312,1.73402755533,3.49754299755
0.00746550805782,1.28119996907,3.95037058381
1.06264817523,0.211086285781,5.0204842671
1.22701513073,0.0467193302866,5.18485122259
0.0402311590804,1.31396562009,3.91760493278
1.09872026851,0.175014192501,5.05655636038
0.344498538553,0.929235922462,4.30233463042
0.103483228521,1.37721768954,3.85435286334
0.461015964028,1.73475042504,3.49682012784
0.570175118051,0.703559342963,4.52801120991
0.71218286159,0.561551599425,4.67001895345
0.14161097796,1.13212348305,4.09944706982
1.09526635653,0.178468104481,5.0531024484
0.841224835944,0.432509625071,4.79906092781
0.78178573129,0.491948729724,4.73962182315
0.841256472266,0.432477988748,4.79909256413
1.59705607927,0.323321618258,5.55489217113
2.01605656576,0.742322104749,5.97389265763
0.259778194059,1.53351265507,3.6980578978
0.662925371843,0.610809089171,4.62076146371
1.53576359673,2.80949805775,2.42207249513
1.82694296211,0.5532085011,5.78477905398
0.609739058523,0.663995402491,4.56757515039
0.44826633585,1.72200079686,3.50956975601
1.02273703433,0.250997426688,4.98057312619
1.33795855137,2.61169301238,2.61987754049
0.754028382575,0.51970607844,4.71186447444
1.09320487233,0.180529588683,5.05104096419
0.842743227361,0.430991233653,4.80057931922
2.04521144324,0.771476982227,6.0030475351
1.60298199344,0.329247532425,5.5608180853
1.10838637643,0.16534808458,5.0662224683
0.14290742476,1.41664188577,3.8149286671
1.42702978195,0.153295320938,5.38486587382
0.0861996063505,1.35993406736,3.87163648551
0.128871466362,1.40260592738,3.8289646255
2.29578476454,1.02205030353,6.2536208564
0.86465931493,0.409075146085,4.82249540679
0.846314726125,0.42741973489,4.80415081799
1.73671249429,0.462978033271,5.69454858615
0.0110430168202,1.28477747783,3.94679307504
1.39069727077,0.116962809759,5.34853336264
0.625842774628,0.647891686387,4.58367886649
1.28087012512,0.00713566410983,5.23870621699
0.655334046614,0.618400414401,4.61317013848
1.77994850896,0.506214047944,5.73778460082
1.32780806712,0.0540736061014,5.28564415898
0.396837363945,0.87689709707,4.35467345581
0.576571735969,0.697162725046,4.53440782783
2.38728726873,1.11355280772,6.34512336059
1.74058255832,0.46684809731,5.69841865019
0.454780038346,0.818954422668,4.41261613021
2.27498949228,1.00125503127,6.23282558414
0.119827616083,1.15390684493,4.07766370795
1.08791342333,0.185821037687,5.04574951519
0.576611524679,0.697122936336,4.53444761654
1.77649398351,0.502759522492,5.73433007537
0.935954066966,0.337780394049,4.89379015883
0.452884324189,1.7266187852,3.50495176767
2.02386001783,0.750125556812,5.98169610969
0.567794857723,0.705939603292,4.52563094959
0.27753045432,1.55126491533,3.68030563754
0.949121000098,0.324613460917,4.90695709196
0.458189749301,1.73192421032,3.49964634256
1.59448375851,0.3207492975,5.55231985038
0.537302353332,1.81103681435,3.42053373853
0.516007621035,0.757726839979,4.4738437129
1.09845199356,0.175282467454,5.05628808542
0.822921111908,0.450813349107,4.78075720377
1.12601880798,0.147715653036,5.08385489984
0.130525264421,1.14320919659,4.08836135628
1.5753510294,0.301616568388,5.53318712127
1.6894628076,0.415728346581,5.64729889946
0.61689758339,0.656836877625,4.57473367525
0.786748298745,0.486986162269,4.74458439061
0.288880411244,1.56261487226,3.66895568062
0.353896452109,0.919838008905,4.31173254397
1.44887385641,0.175139395391,5.40670994827
0.0078479263095,1.28158238732,3.94998816555
1.09092655239,0.182807908625,5.04876264425
0.842302831626,2.11603729264,3.11553326024
1.0630395969,0.210694864119,5.02087568876
1.36156749318,0.0878330321607,5.31940358504
5.83567445421,7.10940891522,1.87783836235
1.06287165339,0.210862807627,5.02070774525
0.153234162727,1.12050029829,4.11107025459
0.512167966375,0.761566494639,4.47000405824
1.4944116008,0.220677139785,5.45224769266
0.795623185916,0.478111275098,4.75345927778
1.01496570713,0.258768753887,4.97280179899
0.355508407056,0.918226053959,4.31334449892
1.97731274602,0.703578285003,5.93514883788
0.327501792681,0.946232668334,4.28533788454
1.69214829513,0.418413834118,5.649984387
1.2578577276,0.0158767334127,5.21569381946
1.32290889136,0.049174430348,5.28074498323
1.07471006438,0.199024396633,5.03254615624
1.64315603173,0.369421570713,5.60099212359
0.61689758339,0.656836877625,4.57473367525
0.534869370677,0.738865090338,4.49270546254
0.871291838948,0.402442622066,4.82912793081
1.21738710247,0.0563473585456,5.17522319433
0.628039339072,0.645695121942,4.58587543093
1.29125048779,0.0175160267735,5.24908657965
1.28597468518,0.0122402241656,5.24381077704
0.276031640763,1.54976610178,3.6818044511
0.500791149641,0.772943311374,4.4586272415
2.01997637949,0.746241918474,5.97781247135
1.4334395793,0.159705118283,5.39127567116
1.87867083223,0.604936371219,5.8365069241
0.35934034267,0.914394118345,4.31717643453
0.350011223779,0.923723237235,4.30784731564
3.04238015794,4.31611461895,0.915455933926
0.623053486764,0.65068097425,4.58088957863
0.139392538523,1.13434192249,4.09722863039
1.88013959946,0.606405138446,5.83797569132
0.265713062112,1.0080213989,4.22354915397
1.62255415947,0.348819698451,5.58039025133
0.436094956241,0.837639504773,4.3939310481
1.51057638609,0.236841925071,5.46841247795
1.69143958136,0.417705120347,5.64927567322
1.39407116813,0.12033670712,5.35190726
0.547323395067,0.726411065948,4.50515948693
2.30349306308,1.02975860207,6.26132915494
0.74774138197,0.525993079045,4.70557747383
1.43537844968,0.161643988666,5.39321454154
0.973072476522,0.300661984493,4.93090856838
0.451737959781,1.7254724208,3.50609813208
1.25248526208,0.0212491989393,5.21032135394
0.851924687746,0.421809773269,4.80976077961
0.884468006968,0.389266454047,4.84230409883
0.730175346597,2.00390980761,3.22766074527
0.939327612538,2.21306207355,3.01850847932
1.89614888813,0.622414427118,5.85398498
1.22508502621,0.0486494348047,5.18292111807
0.767037252587,0.506697208427,4.72487334445
1.11772437842,2.39145883943,2.84011171344
3.17274882632,4.44648328734,0.785087265541
2.13503856895,0.86130410794,6.09287466082
0.550931094606,0.722803366409,4.50876718647
1.12736556841,0.146368892601,5.08520166028
1.00209096623,0.271643494789,4.95992705809
1.08955865411,2.36329311513,2.86827743775
0.380247416754,0.89348704426,4.33808350862
0.712222586443,0.561511874571,4.67005867831
0.93177950181,0.341954959204,4.88961559367
1.14749437614,0.126240084876,5.105330468
1.82198137118,0.548246910164,5.77981746304
0.614995164212,0.658739296802,4.57283125607
1.85628156751,0.582547106492,5.81411765937
0.638271597775,1.91200605879,3.31956449409
0.155067279749,1.11866718127,4.11290337161
1.69021079615,0.416476335131,5.64804688801
2.29231818063,1.01858371961,6.25015427249
1.22391471164,0.0498197493793,5.1817508035
0.746092856762,0.527641604253,4.70392894862
0.479863264212,0.793871196802,4.43769935607
0.346576645674,0.927157815341,4.30441273754
0.0673027768992,1.34103723791,3.89053331496
0.442163075173,0.831571385842,4.39999916704
0.396519363437,1.67025382445,3.56131672843
2.05219796764,0.778463506628,6.0100340595
0.0293926344838,1.24434182653,3.98722872635
2.12286096547,0.849126504454,6.08069705733
0.19803784948,1.07569661153,4.15587394134
1.42145797414,0.14772351313,5.37929406601
1.17653625023,0.0971982107812,5.1343723421
1.18659139988,0.0871430611368,5.14442749174
1.26581728975,0.00791717126834,5.22365338161
0.0200486702029,1.29378313122,3.93778742166
3.02583847124,1.75210401022,6.9836745631
0.407982563115,0.8657518979,4.36581865498
1.38193801735,0.108203556338,5.33977410922
0.114247337745,1.15948712327,4.07208342961
1.77059983759,0.49686537658,5.72843592946
0.655334046614,0.618400414401,4.61317013848
2.33420304025,1.06046857924,6.29203913211
0.739211735757,0.534522725258,4.69704782762
0.257799929842,1.53153439086,3.70003616202
0.523504786959,1.79723924797,3.4343313049
0.654736402136,0.618998058879,4.612572494
0.133601246624,1.40733570764,3.82423484524
0.590919195077,0.682815265937,4.54875528694
1.65303414743,0.379299686412,5.61087023929
0.26716779245,1.00656666856,4.22500388431
1.34131455578,0.0675800947693,5.29915064765
0.737579833465,0.53615462755,4.69541592533
2.0689767999,3.34271126091,1.88885929196
0.528010901534,0.745723559481,4.4858469934
1.11834341117,0.155391049841,5.07617950304
0.655334046614,0.618400414401,4.61317013848
2.33293080298,3.606665264,1.62490528888
1.51196203286,0.238227571848,5.46979812473
0.446243219338,0.827491241676,4.4040793112
0.655428718032,0.618305742983,4.61326480989
0.776227472393,0.497506988621,4.73406356426
0.35583125909,0.917903201925,4.31366735095
0.997586292576,0.276148168438,4.95542238444
2.03409741137,0.760362950355,5.99193350323
0.788727539479,0.485006921535,4.74656363134
1.67754473859,0.403810277575,5.63538083045
1.04054331983,0.23319114118,4.9983794117
0.145768356253,1.41950281727,3.81206773561
1.7224235189,0.448689057882,5.68025961076
0.801186985784,0.47254747523,4.75902307765
1.47187397043,0.198139509414,5.42971006229
1.83448575229,0.560751291277,5.79232184415
1.17313404098,0.100600420031,5.13097013285
0.992154604925,0.281579856089,4.94999069679
1.55470531791,0.280970856891,5.51254140977
0.292814406303,1.56654886732,3.66502168556
0.93873756343,0.334996897585,4.89657365529
0.737104051331,0.536630409684,4.69494014319
0.591677151046,0.682057309968,4.54951324291
0.486516098622,0.787218362393,4.44435219048
0.789125485071,0.484608975943,4.74696157693
0.669135075427,0.604599385588,4.62697116729
1.06357482619,0.210159634827,5.02141091805
0.96127533825,0.312459122765,4.91911143011
0.744355701964,0.529378759051,4.70219179383
0.396410348541,0.877324112473,4.3542464404
1.41079320215,0.137058741138,5.36862929402
1.20656336499,0.0671710960263,5.16439945685
2.61509037673,3.88882483774,1.34274571513
1.43677468986,0.163040228842,5.39461078172
1.35512014905,0.0813856880382,5.31295624092
0.687599104514,0.586135356501,4.64543519638
1.15268447871,0.121049982305,5.11052057057
1.85550464715,0.581770186137,5.81334073901
1.37588366593,0.102149204917,5.33371975779
1.32338785348,0.049653392462,5.28122394534
0.579585277602,1.85331973862,3.37825081426
1.21277172901,0.0609627320064,5.17060782087
1.35403726896,0.0803028079416,5.31187336082
0.795472497748,0.478261963267,4.75330858961
0.20811483661,1.48184929762,3.74972125525
1.35721646908,0.0834820080668,5.31505256094
2.33420304025,1.06046857924,6.29203913211
1.82339879873,0.549664337712,5.78123489059
1.58890677922,0.315172318203,5.54674287108
1.00713716162,0.266597299392,4.96497325349
0.841224835944,0.432509625071,4.79906092781
1.25685007907,0.0168843819433,5.21468617093
5.83945488676,7.11318934777,1.8816187949
0.827825578205,0.445908882809,4.78566167007
1.78645902619,0.512724565171,5.74429511805
0.537302353332,1.81103681435,3.42053373853
1.70490127967,0.431166818656,5.66273737153
0.0427036192388,1.23103084178,4.0005397111
0.955559729247,0.318174731767,4.91339582111
0.746025996183,0.527708464831,4.70386208805
1.99662856398,0.722894102965,5.95446465584
1.49496308352,0.22122862251,5.45279917539
1.65945143878,0.385716977764,5.61728753064
0.888983756121,0.384750704894,4.84681984798
0.233433746902,1.50716820792,3.72440234496
0.913717468835,0.360016992179,4.8715535607
0.380369448936,0.893365012079,4.3382055408
1.0630395969,0.210694864119,5.02087568876
0.125846028409,1.39958048942,3.83199006345
0.289326735129,1.56306119614,3.66850935673
1.17188455694,0.101849904071,5.12972064881
0.700555844899,0.573178616116,4.65839193676
0.747040306652,0.526694154363,4.70487639851
0.587476263681,1.8612107247,3.37035982818
1.48887528537,2.76260974639,2.46896080649
1.06210510014,2.33583956115,2.89573099172
0.609227118699,1.88296157971,3.34860897316
1.45999356726,0.186259106245,5.41782965912
1.44408487941,0.170350418395,5.40192097127
1.4334395793,0.159705118283,5.39127567116
1.07628716456,0.197447296459,5.03412325642
1.49998474817,0.226250287158,5.45782084004
1.38444018311,2.65817464412,2.57339590875
0.0576322489766,1.33136670999,3.90020384289
0.229086550111,1.0446479109,4.18692264197
1.14224466888,0.131489792132,5.10008076075
0.58268296804,0.691051492974,4.5405190599
4.88567112836,6.15940558937,0.927835036497
0.145768356253,1.41950281727,3.81206773561
0.668500253655,0.605234207359,4.62633634552
0.14493538914,1.12879907187,4.102771481
0.5146768536,0.759057607414,4.47251294546
1.34246839651,2.61620285752,2.61536769536
3.5751588517,4.84889331271,0.382677240166
0.817047520376,0.456686940638,4.77488361224
4.79433461462,6.06806907564,0.836498522761
0.185192766473,1.08854169454,4.14302885834
0.930824163037,0.342910297978,4.8886602549
0.0569644017918,1.21677005922,4.01480049365
0.654736402136,0.618998058879,4.612572494
0.90069879537,0.373035665645,4.85853488723
0.890471243747,0.383263217268,4.84830733561
1.25248526208,0.0212491989393,5.21032135394
0.917505582914,2.19124004393,3.04033050895
0.393762545789,0.879971915225,4.35159863765
1.09845199356,0.175282467454,5.05628808542
0.147852857188,1.12588160383,4.10568894905
0.171112648883,1.4448471099,3.78672344298
0.192932926374,1.08080153464,4.15076901824
0.752636863808,0.521097597207,4.71047295567
0.273600146734,1.54733460775,3.68423594513
3.05020318786,4.32393764887,0.907632904004
0.0427036192388,1.23103084178,4.0005397111
0.685081560482,0.588652900532,4.64291765234
0.457134524537,0.816599936477,4.4149706164
0.958815670338,0.314918790677,4.9166517622
1.34001890999,0.0662844489791,5.29785500186
0.940249556414,0.3334849046,4.89808564828
0.616475376427,0.657259084587,4.57431146829
1.22946620262,0.0442682583984,5.18730229448
0.399372187451,1.67310664847,3.55846390441
0.579342053005,0.69439240801,4.53717814487
0.30177962086,0.971954840154,4.25961571272
0.91404178593,0.359692675085,4.87187787779
1.35036307188,0.0766286108697,5.30819916375
1.0814323454,0.192302115616,5.03926843726
1.23492903861,0.0388054224033,5.19276513047
0.610378814234,0.663355646781,4.5682149061
0.990766491178,0.282967969836,4.94860258304
1.30901097459,0.0352765135744,5.26684706645
2.5849856648,1.31125120379,6.54282175667
0.885487488923,0.388246972091,4.84332358079
0.764159553731,0.509574907284,4.72199564559
0.933118617349,0.340615843666,4.89095470921
0.536231851658,0.737502609356,4.49406794352
2.32700535966,1.05327089865,6.28484145152
0.573646553491,1.84738101451,3.38418953837
0.702456334606,1.97619079562,3.25537975726
0.932997956561,0.340736504453,4.89083404842
0.936457515491,0.337276945523,4.89429360735
1.03307243679,0.24066202422,4.99090852866
0.797553290436,0.476181170579,4.7553893823
0.92999312251,2.20372758352,3.02784296935
1.91212922605,0.638394765035,5.86996531791
0.889888731733,0.383845729281,4.8477248236
1.74797183676,0.474237375741,5.70580792862
1.31280795407,2.58654241508,2.64502813779
0.11769990372,1.15603455729,4.07553599558
1.29125048779,0.0175160267735,5.24908657965
1.49900822847,0.225273767458,5.45684432033
0.0665652326835,1.20716922833,4.02440132455
0.59800482985,0.675729631164,4.55584092171
1.88029169566,3.15402615668,2.0775443962
0.490175526275,0.783558934739,4.44801161814
1.27111183814,0.00262262287228,5.22894793001
0.743143633333,0.530590827682,4.7009797252
0.590953298368,0.682781162646,4.54878939023
1.86442471302,0.590690252003,5.82226080488
2.44120975487,3.71494421589,1.51662633699
1.15179206905,0.121942391963,5.10962816091
2.26645554974,3.54019001075,1.69138054212
1.13000279671,0.143731664302,5.08783888858
0.5146768536,0.759057607414,4.47251294546
1.28820484543,0.014470384412,5.24604093729
1.22862589056,0.0451085704574,5.18646198242
1.21223342571,0.0615010353048,5.17006951757
1.61719030891,0.343455847897,5.57502640077
1.12627712195,0.14745733906,5.08411321382
2.13097738918,0.857242928164,6.08881348104
1.23984642083,0.033888040182,5.1976825127
1.3701785254,0.0964440643837,5.32801461726
0.945575108709,0.328159352306,4.90341120057
0.913826190219,0.359908270796,4.87166228208
1.57098671346,0.297252252441,5.52882280532
0.0518706986396,1.22186376237,4.0097067905
1.30955677834,0.0358223173206,5.2673928702
1.58890677922,0.315172318203,5.54674287108
0.868953320367,0.404781140647,4.82678941223
1.33953675482,0.0658022938031,5.29737284668
1.042018749,0.231715712016,4.99985484086
1.8662751725,0.59254071149,5.82411126437
0.843417086363,0.430317374652,4.80125317823
0.345708233882,0.928026227132,4.30354432575
0.692537674103,0.581196786911,4.65037376597
0.581001685545,0.692732775469,4.53883777741
1.32290889136,0.049174430348,5.28074498323
0.591677151046,0.682057309968,4.54951324291
0.763688987991,0.510045473024,4.72152507985
0.0813092529133,1.1924252081,4.03914534478
1.09320487233,0.180529588683,5.05104096419
0.902615251436,0.371119209579,4.8604513433
0.222066553588,1.4958010146,3.73576953827
0.51501412845,0.758720332564,4.47285022031
0.215276435479,1.48901089649,3.74255965638
1.10854001955,0.165194441468,5.06637611141
0.0293926344838,1.24434182653,3.98722872635
0.179601674314,1.45333613533,3.77823441755
1.63890930257,0.365174841556,5.59674539443
1.45194942604,0.17821496503,5.40978551791
0.511639624056,0.762094836959,4.46947571592
0.693751933886,0.579982527129,4.65158802575
0.649929575278,0.623804885736,4.60776566714
1.82620778351,0.552473322493,5.78404387537
1.29125048779,0.0175160267735,5.24908657965
2.70710359842,3.98083805943,1.25073249344
0.850791813973,0.422942647041,4.80862790584
0.909811930114,0.3639225309,4.86764802198
0.287122264108,0.986612196906,4.24495835597
1.22360579051,0.0501286705023,5.18144188237
1.35109097508,0.0773565140676,5.30892706694
0.644162531673,1.91789699269,3.31367356019
0.371133472254,0.902600988761,4.32896956412
2.08921123731,0.815476776297,6.04704732917
0.901403314175,0.37233114684,4.85923940604
0.884468006968,0.389266454047,4.84230409883
0.0613652751176,1.2123691859,4.01920136698
0.707725840144,0.56600862087,4.66556193201
0.681827716876,0.591906744139,4.63966380874
1.64675337542,0.373018914402,5.60458946728
0.516092225495,0.757642235519,4.47392831736
0.756984161961,0.516750299053,4.71482025382
0.113076671384,1.3868111324,3.84475942048
1.9631275899,0.689393128889,5.92096368177
1.44079460999,0.167060148977,5.39863070185
0.54141113579,0.732323325224,4.49924722765
0.593386382387,0.680348078627,4.55122247425
2.39922564169,1.12549118067,6.35706173355
0.436633523043,0.837100937971,4.39446961491
0.33648749872,0.937246962295,4.29432359058
0.236387755204,1.03734670581,4.19422384707
0.350248149484,1.6239826105,3.60758794238
1.61813124131,0.344396780297,5.57596733317
1.18759882337,0.0861356376412,5.14543491524
0.286147347474,0.98758711354,4.24398343934
0.196411713199,1.07732274782,4.15424780506
1.57519575139,0.301461290373,5.53303184325
1.47314547391,0.199411012892,5.43098156577
0.59765081052,0.676083650495,4.55548690238
2.01997637949,0.746241918474,5.97781247135
0.699234347743,0.574500113271,4.65707043961
0.3638580513,0.909876409715,4.32169414316
1.32486387073,0.0511294097108,5.28269996259
1.74891569871,0.475181237694,5.70675179057
0.940171613892,0.333562847123,4.89800770575
1.04054331983,0.23319114118,4.9983794117
0.891471279212,0.382263181802,4.84930737107
0.380085646642,0.893648814372,4.3379217385
0.584533395598,0.689201065416,4.54236948746
0.929275744239,0.344458716775,4.8871118361
0.30177962086,0.971954840154,4.25961571272
0.507362510911,0.766371950103,4.46519860277
1.22964425155,0.0440902094664,5.18748034341
0.705507086423,0.568227374592,4.66334317829
0.886091043858,0.387643417157,4.84392713572
0.334204882451,1.60793934347,3.62363120941
2.47385266196,1.20011820094,6.43168875382
1.00055460589,0.273179855124,4.95839069775
0.817933556991,0.455800904024,4.77576964885
0.0306079138694,1.30434237488,3.92722817799
0.685993053584,0.58774140743,4.64382914545
2.00093328188,0.727198820861,5.95876937374
2.12552455724,3.39925901826,1.83231153462
1.1072554557,0.166479005315,5.06509154756
0.375418570457,0.898315890558,4.33325466232
1.51196203286,0.238227571848,5.46979812473
0.464016015028,0.809718445987,4.42185210689
0.777931776236,0.495802684778,4.7357678681
1.64782173652,0.374087275504,5.60565782838
0.587309296692,1.86104375771,3.37052679517
1.70149672251,0.427762261492,5.65933281437
0.624191394016,0.649543066999,4.58202748588
1.05280220335,0.220932257663,5.01063829521
3.20091377502,1.927179314,7.15874986688
0.0249727143608,1.29870717538,3.9328633775
1.35718040631,0.0834459452967,5.31501649817
2.69454918054,1.42081471953,6.65238527241
1.33905510069,0.0653206396802,5.29689119256
0.236440315392,1.03729414562,4.19427640725
3.20091377502,1.927179314,7.15874986688
1.44052446259,0.166790001576,5.39836055445
0.64166576244,0.632068698574,4.5995018543
1.15708166456,0.116652796457,5.11491775642
0.0341508326216,1.23958362839,3.99198692448
2.82237102774,4.09610548876,1.13546506412
0.651119718138,0.622614742877,4.60895581
1.62858510572,2.90231956674,2.32925098614
1.88486367535,0.611129214339,5.84269976722
6.19892489622,7.47265935724,2.24108880436
3.84735338277,5.12108784378,0.110482709097
1.81081449667,0.537080035651,5.76865058853
0.873859884149,0.399874576866,4.83169597601
1.7389994292,0.465264968186,5.69683552106
0.769067463516,0.504666997498,4.72690355538
1.62255415947,0.348819698451,5.58039025133
0.683563413053,0.590171047962,4.64139950492
1.31798547963,0.0442510186126,5.27582157149
0.223140187544,1.05059427347,4.18097627941
1.29432874943,0.0205942884171,5.25216484129
1.87884985768,0.605115396669,5.83668594955
0.94887167058,0.324862790434,4.90670776244
0.638051626002,0.635682835013,4.59588771786
1.08759269417,0.186141766849,5.04542878603
3.7567033194,5.03043778041,0.201132772464
0.797024723078,0.476709737936,4.75486081494
1.28041950029,0.00668503927496,5.23825559215
0.809028736107,0.464705724907,4.76686482797
0.794873237888,0.478861223126,4.75270932975
0.601851146448,0.671883314567,4.55968723831
1.73640897613,0.462674515113,5.69424506799
1.6382050088,0.364470547786,5.59604110066
0.114250429442,1.38798489046,3.84358566242
0.763688987991,0.510045473024,4.72152507985
1.8776400433,0.603905582281,5.83547613516
0.999939111551,0.273795349464,4.95777520341
0.983373187616,0.290361273399,4.94120927948
0.997667678587,0.276066782428,4.95550377045
1.10334328043,0.170391180585,5.06117937229
0.80273959955,0.470994861464,4.76057569141
0.555970628065,0.71776383295,4.51380671993
1.26195127623,0.0117831847836,5.21978736809
0.133119774454,1.14061468656,4.09095586632
0.648622847542,0.625111613473,4.6064589394
1.17811435232,0.0956201086947,5.13595044418
0.741333682109,0.532400778906,4.69916977397
3.3178506965,4.59158515752,0.639985395361
0.379249508778,1.65298396979,3.57858658308
0.962440461817,0.311293999197,4.92027655368
1.23858390181,0.0351505592008,5.19641999368
2.37310345218,1.09936899117,6.33093954404
1.12627712195,0.14745733906,5.08411321382
0.772151404139,0.501583056875,4.729987496
1.37077089703,2.64450535804,2.58706519484
1.26237101622,0.0113634447896,5.22020710809
0.902452729843,0.371281731171,4.86028882171
1.19342550167,0.0803089593446,5.15126159353
0.955559729247,0.318174731767,4.91339582111
1.11048073699,0.163253724028,5.06831682885
0.610334749965,0.66339971105,4.56817084183
1.18564728749,0.0880871735202,5.14348337936
0.611900649138,0.661833811876,4.569736741
0.00756371788815,1.26617074313,3.96539980975
1.41423715315,0.14050269214,5.37207324502
1.17959137147,0.094143089541,5.13742746334
1.49783350697,0.224099045959,5.45566959884
2.55416007928,1.28042561827,6.51199617114
0.856192841821,0.417541619194,4.81402893368
0.806927093607,0.466807367407,4.76476318547
1.16964048474,0.104093976272,5.1274765766
0.470440951277,0.803293509737,4.42827704314
0.467494069319,0.806240391695,4.42533016118
0.754923577049,0.518810883965,4.71275966891
1.41450657446,0.14077211345,5.37234266633
0.899325087996,0.374409373018,4.85716117986
1.69781527541,0.424080814398,5.65565136728
1.88355979658,0.609825335565,5.84139588844
0.458189749301,1.73192421032,3.49964634256
0.957234349805,0.31650011121,4.91507044167
0.656878045405,0.616856415609,4.61471413727
0.214297450627,1.05943701039,4.17213354249
1.42899783938,2.7027323004,2.52883825248
2.52570588868,1.25197142767,6.48354198055
1.39689323098,2.670627692,2.56094286088
0.761816371156,0.511918089859,4.71965246302
1.74959277616,0.475858315146,5.70742886802
0.0078479263095,1.28158238732,3.94998816555
0.692863825177,0.580870635838,4.65069991704
0.563115215583,0.710619245431,4.52095130745
0.61432377218,0.659410688835,4.57215986404
0.0724906760084,1.34622513702,3.88534541585
2.08905598469,0.815321523672,6.04689207655
0.968580619254,0.30515384176,4.92641671112
0.778797213565,0.494937247449,4.73663330543
0.785814760813,0.487919700201,4.74365085268
1.54315812262,0.269423661609,5.50099421449
1.9631275899,0.689393128889,5.92096368177
1.20007257007,0.0736618909436,5.15790866193
1.1657261866,0.108008274416,5.12356227846
1.83959683446,3.11333129547,2.1182392574
1.21040255062,0.0633319103919,5.16823864249
1.19207320026,0.0816612607506,5.14990929213
1.55851962869,0.28478516768,5.51635572056
0.58978954437,1.86352400538,3.36804654749
1.8776400433,0.603905582281,5.83547613516
1.30733635403,0.0336018930164,5.26517244589
0.318792726142,0.954941734872,4.27662881801
3.08025342533,1.80651896431,7.03808951719
1.04390884621,0.229825614805,5.00174493807
0.425270630679,0.848463830336,4.38310672254
0.67238057218,1.94611503319,3.28545551968
0.234060055064,1.03967440595,4.19189614693
1.89089105445,0.617156593433,5.84872714631
0.889888731733,0.383845729281,4.8477248236
1.06014195713,0.213592503883,5.01797804899
0.166803504545,1.44053796556,3.79103258732
1.13599532103,0.137739139981,5.0938314129
1.66812945064,0.394394989623,5.6259655425
0.171869621897,1.44560408291,3.78596646997
1.98677607461,0.713041613594,5.94461216647
0.687599104514,0.586135356501,4.64543519638
0.530813368825,0.74292109219,4.48864946069
1.43236148225,0.158627021239,5.39019757412
3.91629028234,5.19002474335,0.0415458095264
0.0407403119713,1.31447477299,3.91709577989
1.1308031256,2.40453758661,2.82703296627
1.54410642997,0.270371968959,5.50194252184
0.682236374926,0.591498086089,4.64007246679
0.612257723521,0.661476737494,4.57009381538
1.07471006438,0.199024396633,5.03254615624
1.77059983759,0.49686537658,5.72843592946
1.63340166852,2.90713612953,2.32443442335
0.6959322449,0.577802216114,4.65376833676
1.3622344652,0.088500004188,5.32007055707
1.65026208951,0.376527628496,5.60809818137
0.138411104401,1.13532335661,4.09624719626
3.18618945632,4.45992391734,0.771646635539
1.19072658428,0.083007876738,5.14856267614
1.15927120402,0.114463256997,5.11710729588
1.11913448747,0.154599973542,5.07697057933
0.0558381450519,1.21789631596,4.01367423691
1.22360579051,0.0501286705023,5.18144188237
0.0101034258034,1.26363103521,3.96793951767
0.93601550563,0.337718955384,4.89385159749
0.433048700405,0.840685760609,4.39088479227
1.47049027669,0.196755815674,5.42832636855
1.94695922322,0.673224762208,5.90479531509
1.53035297095,2.80408743197,2.42748312091
0.891190920406,0.382543540608,4.84902701227
1.00613910458,0.26759535643,4.96397519645
2.92674566786,4.20048012888,1.031090424
0.832877170126,0.440857290888,4.79071326199
1.48121475935,0.207480298332,5.43905085121
1.37706665244,0.103332191424,5.3349027443
1.73795753293,0.464223071918,5.6957936248
0.97909851605,0.294635944964,4.93693460791
0.893074368757,0.380660092258,4.85091046062
0.314061888771,0.959672572243,4.27189798063
0.574609118149,0.699125342866,4.53244521001
1.44080876594,0.167074304921,5.3986448578
1.93979541435,0.666060953336,5.89763150621
1.07979033768,0.193944123333,5.03762642954
1.32318925017,0.0494547891528,5.28102534203
0.746025996183,0.527708464831,4.70386208805
0.805053612773,0.468680848242,4.76288970464
1.32626284137,0.0525283803605,5.28409893324
1.10603775243,0.167696708588,5.06387384429
0.728408990616,2.00214345163,3.22942710125
0.94189254065,0.331841920365,4.89972863251
0.797024723078,0.476709737936,4.75486081494
1.00826903349,0.265465427527,4.96610512535
1.22778518824,2.50151964926,2.73005090362
0.573646553491,1.84738101451,3.38418953837
1.11753915544,0.156195305575,5.0753752473
0.65001650226,0.623717958754,4.60785259412
0.476602903116,0.797131557899,4.43443899498
0.21636557138,1.05736888963,4.17420166324
1.27291129551,0.000823165506009,5.23074738737
0.830022393077,0.443712067937,4.78785848494
0.556117872746,0.717616588269,4.51395396461
0.174555478921,1.44828993993,3.78328061294
1.21895595072,0.0547785102988,5.17679204258
0.371072372498,1.64480683351,3.58676371937
1.48203317102,0.208298710006,5.43986926288
1.59096516403,0.317230703017,5.54880125589
0.309180443821,0.964554017193,4.26701653568
1.14447558704,0.12925887397,5.10231167891
1.49638739805,0.222652937033,5.45422348991
0.208788427487,1.06494603353,4.16662451935
0.587476263681,1.8612107247,3.37035982818
0.0782184448336,1.19551601618,4.0360545367
0.909796039729,0.363938421285,4.86763213159
1.5181711548,0.244436693787,5.47600724666
0.230963485591,1.50469794661,3.72687260627
1.22862589056,0.0451085704574,5.18646198242
1.53593606161,0.262201600594,5.49377215347
0.419199187317,0.854535273697,4.37703527918
1.57165615245,0.297921691439,5.52949224432
1.64482967577,0.371095214753,5.60266576763
0.0338631034798,1.30759756449,3.92397298838
1.10996965,0.163764811012,5.06780574186
2.09597267405,0.822238213031,6.05380876591
0.676501086701,1.95023554772,3.28133500516
0.946743087681,0.326991373333,4.90457917954
0.607221514492,0.666512946523,4.56505760635
0.944038629315,0.329695831699,4.90187472118
1.71822653289,0.444492071874,5.67606262475
1.00187820053,0.271856260485,4.95971429239
0.316795028514,0.956939432501,4.27463112038
0.245971356151,1.02776310486,4.20380744801
1.53590195832,0.262167497304,5.49373805018
0.788172613267,0.485561847747,4.74600870513
0.14161097796,1.13212348305,4.09944706982
0.196173121529,1.07756133949,4.15400921339
2.22933416111,0.955599700091,6.18717025297
1.04786769072,0.225866770291,5.00570378259
0.985543512262,0.288190948752,4.94337960413
1.09581845273,0.17791600828,5.0536545446
0.516092225495,0.757642235519,4.47392831736
0.624191394016,0.649543066999,4.58202748588
0.975216975196,0.298517485819,4.93305306706
1.27187211019,0.00186235082213,5.22970820206
0.186891529343,1.08684293167,4.14472762121
1.34089039579,0.0671559347733,5.29872648765
0.741952394898,0.531782066116,4.69978848676
1.11140048201,0.162333979,5.06923657388
0.515241706652,1.78897616767,3.44259438521
1.14622272821,0.127511732806,5.10405882007
2.105636315,0.831901853982,6.06347240686
1.15841192113,0.11532253988,5.116248013
0.186224557316,1.0875099037,4.14406064918
0.6407988411,0.632935619914,4.59863493296
0.393159215892,0.880575245122,4.35099530776
1.02813940818,0.245595052837,4.98597550004
1.06357482619,0.210159634827,5.02141091805
1.19096175784,0.0827727031695,5.14879784971
0.779514298326,0.494220162689,4.73735039019
0.052249941525,1.32598440254,3.90558615034
0.868953320367,0.404781140647,4.82678941223
0.200539038717,1.47427349973,3.75729705315
0.240548164416,1.0331862966,4.19838425628
1.46888053828,0.195146077267,5.42671663014
1.28076129776,0.00702683674361,5.23859738962
0.952612484245,0.32112197677,4.91044857611
1.42118464676,0.147450185748,5.37902073863
0.121606682466,1.15212777855,4.07944277433
1.51182609516,0.238091634146,5.46966218702
0.245971356151,1.02776310486,4.20380744801
0.32877575669,0.944958704325,4.28661184855
0.533631011663,1.80736547268,3.4242050802
1.4787458376,0.205011376582,5.43658192946
2.13857732938,0.864842868368,6.09641342125
1.14358759739,0.130146863622,5.10142368926
0.14493538914,1.12879907187,4.102771481
1.71073754946,0.437003088447,5.66857364132
1.54343601446,0.269701553444,5.50127210632
0.000932902914807,1.2728015581,3.95876899478
0.616475376427,0.657259084587,4.57431146829
2.00951267778,0.735778216761,5.96734876964
1.16964048474,0.104093976272,5.1274765766
0.590795239865,1.86452970088,3.367040852
1.62342354778,0.349689086762,5.58125963964
0.0339036005883,1.23983086043,3.99173969245
1.77994850896,0.506214047944,5.73778460082
0.765723862913,0.508010598101,4.72355995478
1.19182042726,0.0819140337552,5.14965651912
1.06287165339,0.210862807627,5.02070774525
1.33553897318,0.0618045121666,5.29337506504
0.745925057703,0.527809403312,4.70376114957
0.527169687108,0.746564773906,4.48500577897
1.13917969265,0.134554768367,5.09701578451
0.0671424718505,1.34087693286,3.89069362001
0.567951987407,1.84168644842,3.38988410446
0.182818297542,1.09091616347,4.1406543894
0.0576322489766,1.33136670999,3.90020384289
0.197051600374,1.07668286064,4.15488769224
0.286590253263,0.987144207751,4.24442634513
0.678522784018,0.595211676997,4.63635887588
1.37422703324,0.100492572228,5.33206312511
1.08070454174,0.193029919276,5.0385406336
0.0576322489766,1.33136670999,3.90020384289
0.139865320807,1.13386914021,4.09770141267
1.26769644946,0.00603801155265,5.22553254132
0.781062492085,0.492671968929,4.73889858395
1.39929980708,0.125565346065,5.35713589894
0.161102420971,1.43483688199,3.79673367089
1.75298734696,0.479252885942,5.71082343882
0.174555478921,1.44828993993,3.78328061294
8.23995969193,9.51369415294,4.28212360007
1.22733564129,0.0463988197235,5.18517173315
0.649377867516,0.624356593499,4.60721395938
0.42069590339,0.853038557624,4.37853199525
1.22203779385,0.0516966671603,5.17987388572
0.826509114529,0.447225346485,4.78434520639
0.909679066417,0.364055394598,4.86751515828
0.590795239865,1.86452970088,3.367040852
0.438039724199,0.835694736815,4.39587581606
0.359165635864,1.63290009688,3.598670456
0.81279811209,0.460936348924,4.77063420395
0.481369941263,0.792364519752,4.43920603313
0.985200593826,0.288533867188,4.94303668569
1.03614280956,0.237591651459,4.99397890142
0.691711373544,0.582023087471,4.64954746541
0.541729911913,0.732004549101,4.49956600378
0.535982522141,0.737751938873,4.493818614
1.62858510572,2.90231956674,2.32925098614
0.0766540596793,1.35038852069,3.88118203218
1.18564938498,0.0880850760327,5.14348547684
0.825490282693,2.09922474371,3.13234580917
0.414969556539,0.858764904475,4.3728056484
0.21465096121,1.48838542222,3.74318513065
0.49521336838,1.76894782939,3.46262272348
0.145768356253,1.41950281727,3.81206773561
2.02954916661,3.30328362763,1.92828692525
0.971262056272,0.302472404742,4.92909814814
0.740087416519,0.533647044496,4.69792350838
1.44520903223,0.171474571215,5.40304512409
0.981847764776,0.291886696238,4.93968385664
1.1735823433,0.100152117719,5.13141843516
1.88486367535,0.611129214339,5.84269976722
0.849422420626,0.424312040389,4.80725851249
0.58268296804,0.691051492974,4.5405190599
1.80463740592,0.530902944909,5.76247349779
0.367589999562,0.906144461452,4.32542609142
6.30823958995,7.58197405097,2.35040349809
0.997667678587,0.276066782428,4.95550377045
1.25196099566,0.02177346535,5.20979708753
0.263369002559,1.01036545846,4.22120509442
2.26723615295,0.99350169194,6.22507224482
1.07720690959,0.196527551427,5.03504300145
0.95246064972,0.321273811294,4.91029674158
2.2257716468,0.952037185783,6.18360773866
0.827812398778,0.445922062237,4.78564849064
0.121116519349,1.15261794167,4.07895261121
0.0576322489766,1.33136670999,3.90020384289
0.166803504545,1.44053796556,3.79103258732
1.24401595895,0.0297185020638,5.20185205081
1.08070454174,0.193029919276,5.0385406336
0.809238283353,0.464496177661,4.76707437522
0.317533281125,0.956201179889,4.27536937299
0.426199258805,1.69993371982,3.53163683306
1.01538769367,2.28912215468,2.94244839819
0.0665652326835,1.20716922833,4.02440132455
1.2646468692,0.00908759181754,5.22248296106
0.351741523432,0.921992937583,4.30957761529
0.393252297319,0.880482163696,4.35108838918
1.33670474869,0.0629702876747,5.29454084055
1.16316555482,0.110568906199,5.12100164668
0.66433958094,0.609394880074,4.6221756728
8.23995969193,9.51369415294,4.28212360007
2.42726331074,1.15352884973,6.3850994026
0.375084535117,1.64881899613,3.58275155675
1.05109026106,0.222644199959,5.00892635292
0.289222429135,0.984512031879,4.247058521
0.935303492817,0.338430968198,4.89313958468
0.577446708336,1.85118116935,3.38038938353
1.5635702441,0.289835783084,5.52140633596
0.0976970283783,1.17603743264,4.05553312024
1.55481428972,0.281079828704,5.51265038158
0.609443679772,0.664290781242,4.56727977163
0.685081560482,0.588652900532,4.64291765234
0.925561790286,0.348172670729,4.88339788215
0.0126265108088,1.26110795021,3.97046260267
0.455038472631,1.72877293365,3.50279761923
0.167083206791,1.10665125422,4.12491929865
1.61085770261,0.337123241595,5.56869379447
0.422761926659,0.850972534355,4.38059801852
1.59868048756,0.324946026542,5.55651657942
0.0548223890377,1.21891207198,4.0126584809
1.05838794669,2.3321224077,2.89944814518
0.401405835427,1.67514029644,3.55643025644
0.901115316913,0.372619144101,4.85895140878
1.62190815439,2.8956426154,2.33592793747
0.624153628639,0.649580832376,4.5819897205
1.45579032073,0.182055859715,5.41362641259
0.689428633598,0.584305827416,4.64726472546
0.834549837647,0.439184623367,4.79238592951
8.91858973484,10.1923241959,4.96075364297
0.489291129175,1.76302559019,3.46854496269
1.06555504344,0.208179417573,5.0233911353
0.0227498041362,1.29648426515,3.93508628773
0.734659321419,2.00839378243,3.22317677044
3.66950676004,4.94324122106,0.288329331822
0.245971356151,1.02776310486,4.20380744801
2.90725194541,4.18098640643,1.05058414645
0.775132858413,0.498601602601,4.73296895028
0.375084535117,1.64881899613,3.58275155675
2.2232792216,0.949544760584,6.18111531346
0.607931574269,0.665802886746,4.56576766613
0.927666111814,0.3460683492,4.88550220368
0.00142197045731,1.27231249056,3.95925806232
1.1140752571,0.159659203919,5.07191134896
1.97233529008,0.698600829068,5.93017138195
0.685993053584,0.58774140743,4.64382914545
1.28041950029,0.00668503927496,5.23825559215
1.16152945756,0.112205003457,5.11936554942
0.469253519375,0.804480941639,4.42708961124
1.72324757752,0.44951311651,5.68108366939
1.61813124131,0.344396780297,5.57596733317
0.911845972966,0.361888488048,4.86968206483
0.965121898835,0.308612562179,4.9229579907
1.29556578013,0.0218313191191,5.253401872
0.511639624056,0.762094836959,4.46947571592
0.480418846982,1.754153308,3.47741724488
0.521559481499,0.752174979515,4.47939557336
1.93979541435,0.666060953336,5.89763150621
0.6959322449,0.577802216114,4.65376833676
0.157722107485,1.11601235353,4.11555819935
0.167327872316,1.1064065887,4.12516396418
0.764368487504,0.50936597351,4.72220457937
1.0555935887,0.218140872313,5.01342968056
1.67754473859,0.403810277575,5.63538083045
1.05125215609,0.22248230492,5.00908824796
0.856192841821,0.417541619194,4.81402893368
1.55918511671,0.285450655696,5.51702120857
0.284208163572,1.55794262459,3.67362792829
0.870817220865,2.14455168188,3.087018871
1.02859325146,0.245141209552,4.98642934333
1.49534550178,0.221611040765,5.45318159364
1.73328096479,0.459546503779,5.69111705666
1.1531970497,0.120537411313,5.11103314156
0.111352521557,1.16238193946,4.06918861342
1.25342053444,0.0203139265719,5.21125662631
0.693025476231,0.580708984783,4.65086156809
