0.4455017052036173,2.3535031868154945,1.850563449391046,1.230165517139236
1.5629634519516165,0.34503802966026115,0.1579017077641878,0.7782996400159977
0.14722700047862597,1.7607744811332515,1.2578347437088027,0.6374368114569928
0.722558402650991,1.1854430789608865,0.6825033415364377,0.062105409284627974
0.3360811868925604,2.2440826685044377,1.7411429310799889,1.120744998828179
0.863835129302898,1.0441663523089797,0.5412266148845307,0.07917131736727934
2.062584251259811,0.15458276964793363,0.6575225070723822,1.277920439324192
0.9962967912442499,0.9117046903676277,0.4087649529431789,0.21163297930863106
1.7086414207104592,0.19936006090141847,0.30357967652303053,0.9239776087748405
1.6296967708970251,0.2783047107148524,0.2246350267095964,0.8450329589614063
1.140522633364992,0.7674788482468855,0.26453911082243664,0.35585882142937325
1.8831077336047397,0.024893748007138398,0.47804598941731097,1.0984439216691209
0.5682001174031516,1.339801364208726,0.8368616267842772,0.2164636945324674
1.3038044597069902,0.6041970219048874,0.10125728448043854,0.5191406477713714
0.8116814703716908,1.0963200112401867,0.5933802738157379,0.027017658436072248
1.5412480690337886,0.3667534125780889,0.13618632484635998,0.7565842570981699
1.591177845909288,0.31682363570258976,0.18611610172185913,0.806514033973669
0.7775496889173538,1.130451792694524,0.627512055270075,0.007114123018265363
1.3691106730317009,0.5388908085801767,0.03595107115572782,0.5844468610960821
0.31555802665654714,1.5924434549553301,1.0895037175308813,0.46910578527907143
1.5074671469248084,0.40053433468706906,0.10240540273737983,0.7228033349891897
1.6820370000620304,0.22596448154984677,0.2769752558746019,0.8973731881264119
1.402235565007532,0.5057659166043457,0.0028261791798965055,0.6175717530719131
0.81519551357687,1.0928059680350077,0.5898662306105588,0.030531701641251012
1.2406515263460849,0.6673499552657927,0.16441021784134383,0.45598771441046604
1.4011273197580594,0.5068741618538182,0.003934424429370994,0.6164635078224406
1.6675872966169312,0.24041418499494618,0.26252555242950265,0.8829234846813124
0.8057896701700114,1.1022118114418662,0.5992720740174172,0.021125858234393027
1.1815778501522844,0.7264236314595933,0.22348389403514438,0.39691403821666554
0.37366778634911624,1.5343336952627613,1.0313939578383124,0.41099602558650244
0.3170438103215959,1.5909576712902815,1.0880179338658327,0.4676200016140228
1.8936039010493648,0.014397580562512708,0.48854215686193614,1.108940089113746
0.875244758455605,1.0327567231562726,0.5298169857318238,0.09058094651998623
0.19463103510209198,1.713370446509786,1.2104307090853372,0.5900327768335273
1.7695424392517516,0.138459042360126,0.3644806950643229,0.9848786273161327
1.1740592481216334,0.7339422334902441,0.2310024960657953,0.38939543618601463
2.3797758584726885,0.47177437686081103,0.9747141142852598,1.5951120465370696
1.4571488874632035,0.4508525941486742,0.05208714327577486,0.6724850755275845
2.2499797567698683,0.341978275157991,0.8449180125824398,1.4653159448342497
1.6316732011415929,0.27632828047028496,0.226611456954164,0.8470093892059739
2.7652972092614068,0.857295727649529,1.3602354650739779,1.9806333973257877
1.166876718738635,0.7411247628732424,0.23818502544879355,0.38221290680301634
1.3467406262866441,0.5612608553252334,0.05832111790078461,0.5620768143510253
1.7399979328586366,0.16800354875324092,0.33493618867120784,0.9553341209230177
1.9006559266431189,0.007345554968754309,0.49559418245569015,1.1159921147075
0.5885715864032959,1.3194298952085817,0.8164901577841328,0.1960922255323229
1.7788796122340627,0.12912186937781436,0.3738178680466341,0.9942158002984439
0.8702484905561912,1.0377529910556864,0.5348132536312374,0.08558467862057266
0.6166686151572414,1.2913328664546362,0.7883931290301874,0.16799519677837738
0.002523648615037266,1.9054778329968975,1.4025380955724487,0.7821401633206388
1.8294016849612078,0.07859979665067003,0.4243399407737791,1.044737873025589
1.0700937572143627,0.8379077243975147,0.3349679869730659,0.28542994527874405
0.11536575573047865,2.0233672373423555,1.5204274999179066,0.9000295676660967
1.76703815461746,0.14096332699441771,0.3619764104300313,0.9823743426818411
0.9523096920720854,0.9556917895397922,0.45275205211534336,0.16764588013646656
0.3322433744915575,1.5757581071203202,1.0728183696958715,0.45242043744406146
0.11405478822066867,1.7939466933912094,1.2910069559667605,0.6706090237149506
0.5480566727116215,1.3599448089002562,0.8570050714758073,0.23660713922399731
0.7802735317462605,1.1277279498656172,0.6247882124411682,0.0043902801893598966
1.3250062195185461,0.5829952620933313,0.08005552466888244,0.5403424075829274
2.02175678692205,0.1137553053101733,0.6166950427346215,1.2370929749864314
1.4314712080135927,0.476530273598285,0.026409463826163968,0.6468073960779739
0.7485349694980623,1.1594665121138152,0.6565267746893664,0.036128842437556784
1.0768973710113419,0.8311041106005357,0.3281643731760867,0.2922335590757232
1.0364552421318431,0.8715462394800345,0.3686065020555857,0.25179143019622424
0.35252017561853327,2.2605216572304108,1.7575819198059621,1.137183987554152
1.1330947066033252,0.7749067750085524,0.27196703758410357,0.3484308946677064
0.39990436730118556,2.307905848913063,1.8049661114886142,1.1845681792368044
1.2840120070695424,0.6239894745423351,0.12104973711788629,0.49934819513392364
0.31607632223910315,1.5919251593727743,1.0889854219483255,0.4685874896965158
0.9579644364920981,0.9500370451197795,0.4470973076953306,0.1733006245564792
1.7647576480283629,0.14324383358351458,0.35969590384093425,0.9800938360927441
1.1548626294997058,0.7531388521121718,0.25019911468772293,0.370198817564087
0.9759127308811121,0.9320887507307656,0.4291490133063167,0.19124891894549323
1.5295446169130964,0.3784568646987811,0.12448287272566788,0.7448808049774778
0.8681801414994531,1.0398213401124243,0.5368816026879756,0.08351632956383437
0.14799191058669664,2.055993392198574,1.5530536547741252,0.9326557225223153
0.7977124293194283,1.1102890522924493,0.6073493148680004,0.013048617383809719
1.340988753302835,0.5670127283090427,0.06407299088459381,0.5563249413672161
1.3477350653049922,0.5602664163068855,0.05732667888243657,0.5630712533693734
1.0198971001091683,0.8881043815027092,0.3851646440782604,0.23523328817354952
1.3534627254938452,0.5545387561180323,0.051599018693583444,0.5687989135582265
1.6067070727996375,0.3012944088122401,0.20164532861220882,0.8220432608640187
1.8891747562233887,0.018826725388485566,0.48411301203595997,1.1045109442877699
0.16520088216262716,1.7428005994492513,1.2398608620248026,0.6194629297729926
1.2742074177570208,0.6337940638548568,0.13085432643040792,0.489543605821402
0.38528340498190883,2.2932848865937863,1.7903451491693372,1.1699472169175273
1.009828936735826,0.8981725448760516,0.3952328074516027,0.22516512480020726
1.1521608231872944,0.7558406584245834,0.2529009210001344,0.3674970112516755
0.3117002321022439,1.5963012495096334,1.0933615120851847,0.47296357983337484
1.606312037631551,0.30168944398032665,0.20125029344412226,0.8216482256959321
1.5597499333933482,0.3482515482185294,0.15468818920591954,0.7750861214577294
0.19974698363345514,1.7082544979784229,1.205314760553974,0.5849168283021642
0.708271744770094,1.1997297368417836,0.6967899994173348,0.07639206716552503
0.2906285697620293,1.617372911849848,1.1144331744253995,0.49403524217358946
1.5198353753440557,0.38816610626782183,0.11477363115662699,0.7351715634084369
0.7280492906151335,1.179952190996744,0.6770124535722952,0.0566145213204855
0.12329908332906786,1.7847023982828107,1.2817626608583619,0.661364728606552
0.41763805700750867,1.4903634246043687,0.9874236871799198,0.3670257549281099
0.7757380959224224,1.1322633856894553,0.6293236482650063,0.008925716013198356
0.6053158841471009,1.3026855974647766,0.7997458600403278,0.17934792778851794
0.7327046806836724,1.1752968009282052,0.6723570635037562,0.05195913125194668
0.773390579637964,1.1346109019739137,0.6316711645494647,0.011273232297655936
1.0850319317963721,0.8229695498155054,0.32002981239105655,0.30036811986075335
1.773004226031164,0.13499725558071338,0.36794248184373546,0.9883404140955454
1.7342695845420408,0.17373189706983685,0.32920784035461215,0.9496057726064221
1.822056524523637,0.08594495708824026,0.4169947803362084,1.0373927125880182
0.09457394705359032,1.8134275345582866,1.3104877971338378,0.6900898648820278
0.1239382839630186,2.0319397655748963,1.5290000281504472,0.9086020958986373
0.8132270230283343,1.0947744585835433,0.5918347211590944,0.028563211092715486
2.044525165060757,0.1365236834488798,0.6394634208733284,1.2598613531251384
0.05765828108453366,1.8503432005273457,1.3474034631028968,0.727005530851087
1.444874643149547,0.46312683846233066,0.03981289896211807,0.6602108312139281
0.2929897800504278,1.6150117015614496,1.1120719641370007,0.4916740318851908
0.9579644364920981,0.9500370451197795,0.4470973076953306,0.1733006245564792
0.3694596878726439,1.538541793739234,1.0356020563147852,0.4152041240629754
0.950690817326316,0.9573106642855616,0.4543709268611127,0.16602700539069726
1.6338546673867553,0.2741468142251222,0.22879292319932681,0.8491908554511367
0.3688306004746871,1.5391708811371907,1.0362311437127418,0.4158332114609319
0.9226686152022217,0.9853328664096558,0.482393128985207,0.13800480326660305
1.648236673011729,0.25976480860014856,0.24317492882430045,0.8635728610761104
0.17496659818625926,2.082968079798137,1.5800283423736883,0.9596304101218784
1.420365928813997,0.4876355527978807,0.01530418462656853,0.6357021168783781
0.18084828247974424,1.7271531991321334,1.2242134617076847,0.6038155294558747
1.5916929762249106,0.316308505386967,0.18663123203748197,0.8070291642892918
1.261215178986292,0.6467863026255856,0.14384656520113667,0.47655136705067325
0.7053785756523007,1.202622905959577,0.699683168535128,0.07928523628331824
1.2852024632282633,0.6227990183836143,0.11985928095916537,0.5005386512926445
0.8936320110314104,1.0143694705804671,0.5114297331560184,0.10896819909579161
1.9537681848402708,0.04576670322839308,0.5487064406528422,1.169104372904652
1.35651948740194,0.5514819942099377,0.04854225678548882,0.5718556754663211
1.109409325927849,0.7985921556840286,0.2956524182595798,0.3247455139922302
1.7523742310122283,0.15562725059964932,0.3473124868247998,0.9677104190766097
0.6124607803439548,1.295540701267923,0.792600963843474,0.17220303159166406
0.47084442934915965,1.437157052262718,0.9342173148382692,0.31381938258645936
0.10361318436724223,2.0116146659791196,1.5086749285546706,0.8882769963028607
1.4812234289043924,0.4267780527074851,0.07616168471696382,0.6965596169687737
1.7452026557457516,0.1627988258661261,0.3401409115583228,0.9605388438101327
1.5566979558615355,0.35130352575034196,0.15163621167410682,0.7720341439259167
0.9152911739872317,0.9927103076246458,0.48977057020019693,0.13062736205161302
1.4253255252647818,0.4826759563470958,0.020263781077353125,0.640661713329163
1.1214142544872745,0.786587227124603,0.28364748970015413,0.33675044255165576
0.9469462917283907,0.9610551898834868,0.45811545245903795,0.16228247979277194
1.5268404869765644,0.3811609946353132,0.1217787427891356,0.7421766750409455
1.115531202201989,0.7924702794098886,0.2895305419854397,0.3308673902663702
1.8453643866733755,0.06263709493850322,0.4403026424859469,1.0607005747377567
1.453473981412129,0.45452750019974875,0.048412237224700005,0.6688101694765101
1.1210702295298662,0.7869312520820112,0.28399151465756234,0.33640641759424755
1.7242551848010166,0.1837462968108613,0.3191934406135878,0.9395913728653977
0.8764999088820594,1.031501572729818,0.5285618353053693,0.09183609694644072
1.6694146263468277,0.23858685526505016,0.2643528821593989,0.8847508144112087
0.20564274737792598,1.702358734233951,1.1994189968095021,0.5790210645576922
0.9507051895090293,0.9572962921028484,0.45435655467839947,0.16604137757341048
2.0794184259967405,0.17141694438486277,0.6743566818093117,1.2947546140611217
0.15621757207806453,1.7517839095338132,1.2488441721093642,0.6284462398575544
1.7672944771056427,0.14070700450623522,0.362232732918214,0.9826306651700238
1.1466709051541824,0.7613305764576952,0.25839083903324633,0.36200709321856356
0.9316628685375907,0.9763386130742868,0.47339887564983796,0.14699905660197202
1.16970709450431,0.7382943871075677,0.23535464968311878,0.38504328256869114
1.7521765766253834,0.15582490498649462,0.34711483243795477,0.9675127646897647
1.4211993640836142,0.48680211752826336,0.016137619896185437,0.6365355521479954
0.8240309666923298,1.0839705149195478,0.5810307774950989,0.03936715475671099
1.6429163557958084,0.2650851258160691,0.23785461160837976,0.8582525438601897
1.0120072585227828,0.8959942230890947,0.39305448566464585,0.22734344658716407
1.6439823360835624,0.26401914552831524,0.23892059189613368,0.8593185241479435
1.6662280505279214,0.24177343108395624,0.2611663063404927,0.8815642385923027
0.366429849580767,2.2744313311926443,1.7714915937681956,1.1510936615163856
1.2732779647574726,0.634723516854405,0.13178377942995612,0.4886141528218538
0.6824508418788363,1.2255506397330413,0.7226109023085925,0.10221297005678272
1.297465086109957,0.6105363955019205,0.1075966580774717,0.5128012741743383
1.05093708545659,0.8570643961552876,0.3541246587308387,0.26627327352097124
1.385500429694814,0.5225010519170636,0.01956131449261516,0.6008366177591952
0.4529980352838201,1.4550034463280577,0.9520637089036087,0.3316657766517988
1.461171367498594,0.44683011411328366,0.056109623311165154,0.6765075555629751
0.7156189678312679,1.1923825137806097,0.6894427763561608,0.06904484410435098
1.4197047015420516,0.4882967800698259,0.014642957354622777,0.6350408896064329
1.258528967591649,0.6494725140202288,0.14653277659577993,0.47386515565603
1.3476409511587062,0.5603605304531714,0.057420793028722446,0.5629771392230875
0.5136996077546202,1.3943018738572572,0.8913621364328085,0.2709642041809986
1.562335193585429,0.3456662880264484,0.15727344939800042,0.7776713816498103
1.2339331270137246,0.674068354598153,0.1711286171737041,0.44926931507810586
0.37014621796051334,1.537855263651364,1.0349155262269152,0.41451759397510524
1.6622511208135036,0.24575036079837395,0.2571893766260751,0.8775873088778849
0.3933116774387742,2.3013131590506517,1.798373421626203,1.1779754893743932
1.81180902434665,0.0961924572652279,0.40674728015922124,1.0271452124110312
2.0833243599118005,0.17532287829992282,0.6782626157243717,1.2986605479761817
0.8914148350751352,1.0165866465367424,0.5136469091122935,0.10675102313951637
0.8829242233321511,1.0250772582797263,0.5221375208552775,0.0982604113965324
0.28461611899379585,1.6233853626180814,1.1204456251936328,0.5000476929418228
0.7687344833039633,1.1392669983079142,0.6363272608834654,0.01592932863165516
1.594203013411655,0.31379846820022267,0.18914126922422617,0.8095392014760361
0.9867749489389899,0.9212265326728878,0.41828679524843887,0.20211113700337105
1.5327082152873142,0.3752932663245634,0.1276464710998855,0.7480444033516954
1.3405893400793476,0.5674121415325301,0.06447240410808114,0.5559255281437288
1.5047895534067575,0.4032119282051202,0.09972780921932882,0.7201257414711386
1.8341964550274747,0.07380502658440287,0.4291347108400462,1.0495326430918561
0.2661986482683445,1.6418028333435333,1.1388630959190846,0.5184651636672747
1.9513755128560608,0.04337403124418241,0.5463137686686321,1.166711700920442
1.0248342645861468,0.8831672170257308,0.3802274796012819,0.240170452650528
0.27970807997829916,1.6282934016335786,1.1253536642091297,0.5049557319573199
0.2862483850687668,2.194249866680644,1.6913101292561952,1.0709121970043853
0.49909381758069016,2.4070952991925676,1.9041555617681187,1.283757629516309
1.2773465396707135,0.630654941941164,0.1277152045167152,0.4926827277350947
1.4791059886923947,0.4288954929194828,0.0740442445049662,0.694442176756776
0.7176725120502001,1.1903289695616774,0.6873892321372285,0.06699129988541856
0.800355012113867,1.1076464694980106,0.6047067320735617,0.015691200178248106
0.8731351070914084,1.0348663745204691,0.5319266370960202,0.08847129515578965
0.5402253682059933,2.4482268498178708,1.945287112393422,1.324889180141612
0.4936219599711753,1.4143795216407022,0.9114397842162534,0.29104185196444354
1.581434542740725,0.3265669388711525,0.17637279855329638,0.7967707308051063
1.7907398183392809,0.117261663272597,0.3856780741518523,1.0060760064036622
1.0611161914918605,0.8468852901200171,0.3439455526955682,0.2764523795562417
0.10361318436724223,2.0116146659791196,1.5086749285546706,0.8882769963028607
0.6311908116662499,1.2768106699456276,0.7738709325211789,0.15347300026936916
0.7761010011589377,1.1319004804529398,0.628960743028491,0.00856281077668275
0.9319501263095741,0.9760513553023035,0.4731116178778546,0.14728631437395528
0.6660066361280409,1.2419948454838368,0.7390551080593878,0.11865717580757802
1.183108882445418,0.7248925991664597,0.22195286174201073,0.3984450705097992
0.4437274674314446,1.4642740141804331,0.9613342767559842,0.3409363445041743
0.09425111221470833,2.002252593826586,1.4993128564021374,0.8789149241503275
1.3100415058501451,0.5979599757617324,0.09502023833728368,0.5253776939145263
0.59361462736112,1.3143868542507575,0.8114471168263087,0.1910491845744989
1.8675841101704929,0.040417371441384735,0.4625223659830643,1.0829202982348742
0.8372926829273624,1.0707087986845152,0.5677690612600663,0.05262887099174381
0.8308218690310162,1.0771796125808613,0.5742398751564125,0.046158057095397415
0.9727561104654104,0.9352453711464671,0.43230563372201825,0.18809229852979167
2.339167518758302,0.431166037146424,0.934105774570873,1.5545037068226828
1.2026627919832351,0.7053386896286425,0.20239895220419363,0.41799898004761626
1.9181451697780643,0.01014368816619353,0.5130834255906355,1.1334813578424454
0.32216590778328,1.5858355738285976,1.0828958364041488,0.4624979041523389
1.8902861459316629,0.017715335680218696,0.48522440174423426,1.105622333996044
0.7510194193910117,1.156982062220866,0.654042324796417,0.03364439254460708
0.38486799058368765,1.52313349102819,1.020193753603741,0.3997958213519312
0.360695087898847,1.5473063937130307,1.044366656288582,0.42396872403677216
1.288171137156468,0.6198303444554096,0.11689060703096078,0.5035073252208491
0.1531633992121355,1.7548380823997414,1.2518983449752925,0.6315004127234827
2.610902252564343,0.7029007709524652,1.2058405083769141,1.826238440628724
1.1563114789684927,0.7516900026433848,0.248750265218936,0.37164766703287394
1.4386494794358937,0.46935200217598383,0.03358773524846522,0.653985667500275
1.2983286194380912,0.6096728621737865,0.10673312474933762,0.5136648075024723
2.0161116095027203,0.1081101278908423,0.6110498653152914,1.2314477975671012
1.8510480037500114,0.05695347786186701,0.4459862595625827,1.0663841918143924
0.22353576533724143,2.131537246949119,1.62859750952467,1.00819957727286
0.4765919116641421,1.4314095699477354,0.9284698325232866,0.3080719002714768
0.2734704866096415,1.6345309950022366,1.1315912575777878,0.5111933253259778
1.245575283045658,0.6624261985662198,0.15948646114177087,0.46091147111003905
0.01017135906041482,1.9181728406722924,1.4152331032478436,0.7948351709960336
1.4514351831913823,0.45656629842049523,0.0463734390039536,0.6667713712557636
2.099103011312551,0.1911015297006738,0.6940412671251224,1.3144391993769322
1.2627607316429357,0.645240749968942,0.1423010125444931,0.4780969197073169
0.015736398147838424,1.9237378797597129,1.420798142335264,0.8004002100834541
2.8731088650905345,0.9651073834786568,1.4680471209031056,2.0884450531549157
1.2709110101089443,0.6370904715029333,0.13415073407848446,0.48624719817332546
0.9301740912601844,0.9778273903516931,0.4748876529272443,0.14551027932456573
0.7779305262265236,1.130070955385354,0.6271312179609051,0.006733285709095515
0.27038089845527064,1.6376205831566073,1.1346808457321584,0.5142829134803486
0.9541404398747262,0.9538610417371515,0.45092130431270255,0.16947662793910742
1.7356793062305447,0.172322175381333,0.33061756204311604,0.9510154942949259
0.800355012113867,1.1076464694980106,0.6047067320735617,0.015691200178248106
1.5334267443534857,0.3745747372583919,0.12836500016605706,0.748762932417867
0.5889376162072256,1.3190638654046518,0.8161241279802031,0.19572619572839312
1.444874643149547,0.46312683846233066,0.03981289896211807,0.6602108312139281
1.971158803067187,0.06315732145530872,0.5660970588797583,1.186494991131568
1.3893724429125913,0.5186290386992862,0.01568930127483736,0.6047086309769726
0.018947306852233496,1.9269487884641088,1.42400905103966,0.8036111187878501
0.8048205339723539,1.1031809476395238,0.6002412102150749,0.020156722036735818
1.6482856414036595,0.2597158402082181,0.24322389721623078,0.8636218294680407
0.6948233173960449,1.2131781642158326,0.7102384267913838,0.08984049453957409
1.9438677213716615,0.03586623975978303,0.538805977184233,1.1592039094360427
1.9753756494591599,0.06737416784728217,0.5703139052717312,1.190711837523541
1.5142581901663301,0.39374329144554737,0.10919644597890146,0.7295943782307114
0.21056282234156917,1.6974386592703088,1.19449892184586,0.5741009895940501
0.5832678240919695,1.3247336575199078,0.821793920095459,0.2013959878436492
1.43723908048417,0.4707624011277077,0.03217733629674138,0.6525752685485511
0.214266431074913,2.12226791268679,1.6193281752623414,0.9989302430105315
1.9306757655815494,0.022674283969675725,0.5256140213941208,1.1460119536459306
0.9714514501012871,0.9365500315105905,0.4336102940861416,0.18678763816566832
0.14697546236553438,1.7610260192463438,1.258086281821895,0.6376883495700851
0.9852358287702186,0.9227656528416589,0.41982591541721,0.20057201683459994
1.5245934947668471,0.3834079868450303,0.11953175057941852,0.7399296828312284
0.07931089314455099,1.9873123747564287,1.4843726373319799,0.86397470508017
1.17703831807812,0.7309631635337573,0.2280234261093085,0.3923745061425014
1.215575023372941,0.6924264582389366,0.18948672081448764,0.43091121143732225
2.106860375151591,0.1988588935397135,0.7017986309641622,1.322196563215972
0.024097316987882023,1.9320987985997593,1.4291590611753104,0.8087611289235006
1.2645378593860894,0.6434636222257881,0.14052388480133926,0.47987404745047063
1.6243947894060144,0.28360669220586326,0.21933304521858565,0.8397309774703956
1.548615789732431,0.35938569187944663,0.14355404554500234,0.7639519777968121
1.6445758447242718,0.26342563688760573,0.23951410053684308,0.859912032788653
0.029351571939796078,1.878649909672077,1.3757101722476281,0.7553122399958183
1.2757974280414686,0.632204053570409,0.1292643161459601,0.4911336161058498
1.6289451320222605,0.279056349589617,0.22388338783483186,0.8442813200866417
0.8857800536834916,1.0222214279283859,0.5192816905039371,0.10111624174787283
1.7254033660520272,0.18259811555985064,0.32034162186459847,0.9407395541164083
1.5741424677553293,0.3338590138565483,0.16908072356790058,0.7894786558197104
1.475479910131011,0.4325215714808667,0.07041816594358234,0.6908160981953921
0.6057317031131305,2.513733184725008,2.010793447300559,1.3903955150487493
0.2286269747237669,1.6793745068881112,1.1764347694636623,0.5560368372118525
0.8251138982583762,1.0828875833535014,0.5799478459290525,0.04045008632275746
1.5825092818073105,0.32549219980456695,0.1774475376198819,0.7978454698716918
1.4822243004100173,0.42577718120186037,0.07716255622258852,0.6975604884743984
1.103897786809858,0.8041036948020194,0.3011639573775705,0.3192339748742394
0.8366569020475684,1.071344579564309,0.5684048421398603,0.05199309011194979
1.6634250220694173,0.24457645954246035,0.2583632778819886,0.8787612101337984
1.6321663139969707,0.275835167614907,0.22710456980954194,0.8475025020613518
0.632954125311951,1.2750473562999265,0.7721076188754776,0.1517096866236679
1.3314256086901166,0.5765758729217609,0.07363613549731204,0.5467617967544978
1.1162903662583306,0.7917111153535469,0.28877137792909807,0.3316265543227119
0.9030684590221746,1.0049330225897029,0.501993285165254,0.11840464708655586
1.0170028382968364,0.8909986433150412,0.38805890589059233,0.23233902636121762
1.8302392273409087,0.077762254270969,0.4251774831534801,1.0455754154052899
1.0502937793950402,0.8577077022168373,0.35476796479238853,0.2656299674594214
0.6634237221183064,1.2445777594935712,0.7416380220691223,0.12124008981731262
1.644792249352805,0.26320923225907267,0.2397305051653763,0.8601284374171861
1.9084229322800088,0.0004214506682058131,0.5033611880925801,1.12375912034439
2.062584251259811,0.15458276964793363,0.6575225070723822,1.277920439324192
1.9670701215529247,0.05906863994104661,0.5620083773654959,1.1824063096173056
0.26634937776610085,2.1743508593779786,1.6714111219535297,1.0510131897017196
1.0126017370947016,0.895399744517176,0.39246000709272716,0.22793792515908276
1.408625270634981,0.4993762109768964,0.0035635264475518836,0.6239614586993624
1.9663595113722714,0.05835802976039412,0.5612977671848425,1.1816956994366523
0.46855981656731893,1.4394416650445587,0.9365019276201098,0.3161039953682999
0.8745123961688367,2.782513877780714,2.2795741403562655,1.6591762081044557
0.8251138982583762,1.0828875833535014,0.5799478459290525,0.04045008632275746
0.02929411012555304,1.937295591737429,1.4343558543129802,0.8139579220611703
2.058972412173011,0.15097093056113348,0.6539106679855824,1.2743086002373922
0.1404845319263441,1.767516949685533,1.264577212261084,0.6441792800092742
1.1106940163278574,0.7973074652840203,0.29436772785957144,0.32603020439223845
0.9319501263095741,0.9760513553023035,0.4731116178778546,0.14728631437395528
0.5259677140006915,1.382033767611186,0.8790940301867372,0.2586960979349272
1.2802774629860996,0.627724018625778,0.12478428120132908,0.49561365105048083
1.7332951902828901,0.1747062913289876,0.32823344609546157,0.9486313783472715
0.988913746570774,0.9190877350411035,0.41614799761665466,0.20424993463515523
0.9447288521059509,0.9632726295059266,0.46033289208147776,0.1600650401703322
1.3063294036867383,0.6016720779251392,0.09873234050069038,0.5216655917511196
0.3688306004746871,1.5391708811371907,1.0362311437127418,0.4158332114609319
1.8047055713594942,0.10329591025238348,0.3996438271720655,1.0200417594238753
1.3457655948794345,0.5622358867324431,0.059296149307994206,0.5611017829438157
1.5073034132322678,0.40069806837961,0.10224166904483901,0.722639601296649
0.7816374203238874,2.6896389019357647,2.1866991645113156,1.5663012322595058
0.6969532262077064,1.211048255404171,0.7081085179797222,0.08771058572791232
1.7787260009570525,0.12927548065482564,0.3736642567696238,0.9940621890214337
1.4403225197129852,0.46767896189889246,0.03526077552555642,0.6556587077773663
0.7327046806836724,1.1752968009282052,0.6723570635037562,0.05195913125194668
1.146287632320894,0.7617138492909837,0.2587741118665349,0.361623820385275
1.104804685071794,0.8031967965400836,0.30025705911563466,0.32014087313617523
0.2929897800504278,1.6150117015614496,1.1120719641370007,0.4916740318851908
0.47106204676735197,1.4369394348445257,0.9339996974200767,0.3136017651682668
0.13505204013279717,2.043053521744675,1.540113784320226,0.919715852068416
1.6793272666705867,0.2286742149412908,0.27426552248315805,0.8946634547349679
0.9844123640890281,2.8924138457009057,2.3894741082764566,1.7690761760246467
1.9139698992979617,0.005968417686083228,0.508908155110533,1.1293060873623426
0.18784819521859714,1.7201532863932807,1.2172135489688318,0.5968156167170219
1.2046046134045645,0.7033968682073131,0.20045713078286417,0.41994080146894575
1.8443420449324133,0.06365943667946457,0.43928030074498475,1.0596782329967946
0.9599638541279413,0.9480376274839363,0.4450978900594874,0.1753000421923225
1.4973133463785204,0.4106881352333571,0.09225160219109177,0.7126495344429017
0.15838193788645544,2.0663834194983335,1.5634436820738846,0.9430457498220747
0.3724019662804367,1.5355995153314408,1.032659777906992,0.4122618456551821
1.35651948740194,0.5514819942099377,0.04854225678548882,0.5718556754663211
1.3775731084387235,0.5304283731731542,0.027488635748705456,0.5929092965031046
1.6156810795496814,0.29232040206219606,0.2106193353622528,0.8310172676140627
1.2611051881159718,0.6468962934959057,0.14395655607145685,0.4764413761803531
0.1837785375557966,1.7242229440560815,1.2212832066316326,0.6008852743798226
0.81519551357687,1.0928059680350077,0.5898662306105588,0.030531701641251012
0.4765972514570593,1.4314042301548182,0.9284644927303695,0.3080665604785596
0.8849453848166791,1.0230560967951985,0.5201163593707496,0.10028157288106032
1.0100193296098199,0.8979821520020576,0.39504241457760875,0.22535551767420117
1.1548626294997058,0.7531388521121718,0.25019911468772293,0.370198817564087
2.3856159603404143,0.477614478728537,0.9805542161529859,1.6009521484047957
0.7170362038386726,1.190965277773205,0.6880255403487561,0.06762760809694625
1.4183060540629855,0.48969542754889195,0.01324430987555676,0.6336422421273669
0.4146060524500568,1.493395429161821,0.990455691737372,0.3700577594855622
1.1367225659850246,0.7712789156268529,0.26833917820240405,0.35205875404940584
0.9137078779951354,0.9942936036167421,0.49135386619229326,0.1290440660595166
0.47865642988800416,1.4293450517238733,0.9264053142994244,0.3060073820476145
0.07963672159757787,1.8283647600142996,1.3254250225898507,0.7050270903380408
0.6927609945068938,1.2152404871049838,0.7123007496805349,0.09190281742872497
0.3658345792416943,1.542166902370183,1.0392271649457343,0.4188292326939243
0.8481398532899969,1.0598616283218807,0.5569218908974318,0.06347604135437818
1.4531202594142365,0.45488122219764116,0.04805851522680779,0.6684564474786177
1.4391066198307387,0.46889486178113887,0.034044875643310005,0.65444280789512
0.6857130651634656,1.2222884164484118,0.719348679023963,0.09895074677215329
0.5066369125216194,1.4013645690902585,0.8984248316658096,0.2780268994139997
1.7342695845420408,0.17373189706983685,0.32920784035461215,0.9496057726064221
1.7265039452176236,0.18149753639425412,0.32144220103019483,0.9418401332820047
0.17995398552238454,1.7280474960894927,1.2251077586650438,0.6047098264132339
1.3945165677817029,0.5134849138301747,0.01054517640572523,0.6098527558460841
0.3170438103215959,1.5909576712902815,1.0880179338658327,0.4676200016140228
1.0590782014920297,0.8489232801198479,0.345983542695399,0.2744143895564109
1.648236673011729,0.25976480860014856,0.24317492882430045,0.8635728610761104
1.3846236268237224,0.5233778547881552,0.020438117363706668,0.5999598148881035
1.8026142557184208,0.10538722589345707,0.397552511530992,1.017950443782802
2.018724094240429,0.11072261262855129,0.6136623500530004,1.2340602823048104
1.0220079850707386,0.8859934965411389,0.3830537591166901,0.23734417313511982
0.4455017052036173,2.3535031868154945,1.850563449391046,1.230165517139236
0.922835222409438,0.9851662592024395,0.48222652177799064,0.13817141047381928
0.10668978921138393,2.0146912708232625,1.5117515333988134,0.8913536011470035
0.31018779094335086,2.2181892725552284,1.7152495351307793,1.0948516028789694
0.7739657625003507,1.1340357191115271,0.6310959816870781,0.010698049435268137
1.9753756494591599,0.06737416784728217,0.5703139052717312,1.190711837523541
0.10688552187805685,2.014887003489935,1.511947266065486,0.8915493338136761
1.6988936067771747,0.2091078748347028,0.293831862589746,0.914229794841556
0.011159245497382527,1.9191607271092557,1.4162209896848068,0.7958230574329969
1.4626788850687187,0.44532259654315903,0.05761714088129007,0.6780150731330998
1.067413149278795,0.8405883323330825,0.33764859490863364,0.28274933734317625
2.7037052825732695,0.7957038009613916,1.2986435383858406,1.9190414706376504
1.5555682304295428,0.35243325118233476,0.15050648624211407,0.770904418493924
0.7943675822985246,2.7023690639104023,2.1994293264859532,1.5790313942341436
1.3501389442055778,0.5578625374062998,0.054922799981851,0.565475132269959
2.064494206415138,0.15649272480326049,0.6594324622277095,1.2798303944795193
1.52197977643373,0.38602170517814755,0.11691803224630141,0.7373159644981113
0.46934440620773993,1.4386570754041375,0.9357173379796887,0.3153194057278788
0.723523028083927,1.1844784535279504,0.6815387161035017,0.06114078385169172
1.5295446169130964,0.3784568646987811,0.12448287272566788,0.7448808049774778
1.9753756494591599,0.06737416784728217,0.5703139052717312,1.190711837523541
1.3194655341336827,0.5885359474781949,0.08559621005374607,0.5348017221980639
1.839891975335787,0.06810950627609057,0.4348302311483583,1.0552281634001681
0.9417415688418718,0.9662599127700059,0.463320175345557,0.15707775690625292
1.7639748210687518,0.14402666054312566,0.3589130768813231,0.979311009133133
1.5241016046465243,0.38389987696535327,0.11903986045909574,0.7394377927109056
1.2406515263460849,0.6673499552657927,0.16441021784134383,0.45598771441046604
1.7177793020564749,0.19022217955540255,0.31271755786904615,0.933115490120856
0.04289231619125769,1.9508937978031353,1.4479540603786865,0.8275561281268765
1.8037161985219075,0.10428528308997019,0.3986544543344787,1.0190523865862886
1.5166397779957064,0.3913617036161712,0.1115780338082778,0.7319759660600876
1.5962020165336983,0.3117994650781793,0.19114027234626965,0.8115382045980796
0.9260620078426339,0.9819394737692435,0.47899973634479465,0.1413981959070152
0.6984359855116359,1.2095654961002418,0.7066257586757928,0.08622782642398295
1.4354503231149431,0.47255115849693446,0.030388578927514575,0.6507865111793243
0.20797863572427788,2.115980117336155,1.6130403799117063,0.9926424476598964
1.50416129504057,0.4038401865713075,0.09909955085314147,0.7194974831049513
1.3313915470905946,0.5766099345212831,0.07367019709683417,0.5467277351549757
1.7391943111762183,0.16880717043565924,0.3341325669887895,0.9545304992405995
1.8452932599207479,0.06270822169113031,0.4402315157333192,1.060629447985129
1.9060362782668934,0.001965203344979317,0.5009745340794646,1.1213724663312745
1.8891315321909927,0.018869949420887985,0.48406978800356393,1.1044677202553737
2.5576586841091684,0.649657202497291,1.1525969399217397,1.7729948721735496
1.0759512222051981,0.8320502594066795,0.3291105219822306,0.2912874102695793
1.8508604635851822,0.057141018026696265,0.44579871939775373,1.0661966516495636
0.9347407069753545,0.973260774636523,0.4703210372120742,0.15007689503973576
1.5988463675344313,0.3091551140774461,0.1937846233470027,0.8141825555988126
0.9083688313486364,0.9996326502632411,0.4966929128387923,0.12370501941301763
1.3050615209944554,0.6029399606174222,0.10000022319297334,0.5203977090588365
1.5501901877296351,3.4581916693415122,2.9552519319170636,2.334853999665254
1.8959425384585005,0.012058943153381255,0.490880794271072,1.1112787265228818
1.8739935178329419,0.03400796377893671,0.4689317736455131,1.089329705897323
1.8453643866733755,0.06263709493850322,0.4403026424859469,1.0607005747377567
0.8904499260846476,1.01755155552723,0.5146118181027811,0.10578611414902875
0.5255844220448544,2.433585903656732,1.9306461662322831,1.3102482339804733
0.995437909583077,0.9125635720288006,0.40962383460435176,0.2107740976474582
1.6476404136190779,0.2603610679927998,0.24257866943164919,0.8629766016834591
1.1740592481216334,0.7339422334902441,0.2310024960657953,0.38939543618601463
1.1609281531025186,0.747073328509359,0.24413359108491012,0.3762643411668998
0.8308218690310162,1.0771796125808613,0.5742398751564125,0.046158057095397415
1.5550871617140376,0.3529143198978399,0.15002541752660906,0.7704233497784189
1.7324399294325685,0.17556155217930922,0.32737818524513973,0.9477761174969497
1.356069324965611,0.5519321566462666,0.04899241922181779,0.5714055130299922
0.005981596305257255,1.9139830779171554,1.4110433404927065,0.7906454082408966
0.36550984180101886,1.5424916398108588,1.03955190238641,0.4191539701346
0.4996296181678253,1.4083718634440523,0.9054321260196034,0.2850341937677936
1.2916280112755503,0.6163734703363274,0.11343373291187854,0.5069641993399314
0.10688552187805685,2.014887003489935,1.511947266065486,0.8915493338136761
0.23020015649622938,1.6778013251156485,1.1748615876911994,0.5544636554393896
0.24338760151685385,1.6646138800950234,1.1616741426705746,0.5412762104187646
0.4836139735924965,2.391615455204374,1.8886757177799252,1.268277785528115
1.4386494794358937,0.46935200217598383,0.03358773524846522,0.653985667500275
0.6278180701795667,1.280183411432311,0.777243674007862,0.15684574175605218
0.09898144004544941,1.809020041566428,1.306080304141979,0.6856823718901691
1.4885053996125723,0.4194960819993054,0.08344365542514365,0.7038415876769535
1.1139027604560137,0.7940987211558639,0.29115898373141513,0.3292389485203948
1.2757974280414686,0.632204053570409,0.1292643161459601,0.4911336161058498
0.04544258211126867,1.8625588995006108,1.359619162076162,0.7392212298243521
1.396397517573469,0.5116039640384085,0.00866422661396049,0.6117337056378502
0.9816353348345999,0.9263661467772777,0.4234264093528289,0.1969715228989811
1.69968108806999,0.20832039354188747,0.2946193438825612,0.9150172761343711
0.8835433292132427,1.024458152398635,0.5215184149741859,0.09887951727762392
0.9070746940441384,1.000926787567739,0.49798705014329026,0.1224108821085197
0.7843534644247039,1.1236480171871737,0.6207082797627248,0.00031034751093138486
1.8831194959413244,0.02488198567055234,0.4780577517538957,1.0984556840057056
0.19783237849615398,2.105833860108031,1.6028941226835822,0.9824961904317723
1.1796265926877119,0.7283748889241658,0.22543515149971693,0.394962780752093
0.6974937919900207,2.605495273601898,2.1025555361774493,1.4821576039256394
1.3314256086901166,0.5765758729217609,0.07363613549731204,0.5467617967544978
0.06413703636308783,1.9721385179749664,1.4691987805505176,0.8488008482987077
0.8393913937087818,1.0686100879030958,0.5656703504786469,0.05472758177316317
1.8302202134372256,0.07778126817465103,0.4251584692497969,1.0455564015016068
2.1146517357437427,0.20665025413186539,0.7095899915563142,1.329987923808124
1.750405052341907,0.15759642926997086,0.3453433081544783,0.9657412404062881
0.3499092063476055,1.5580922752642719,1.0551525378398232,0.43475460558801327
1.1344970358183217,0.7735044457935558,0.2705647083691069,0.349833223882703
0.4894751384573385,2.397476620069216,1.8945368826447673,1.2741389503929574
0.05765828108453366,1.8503432005273457,1.3474034631028968,0.727005530851087
1.9415658755052627,0.033564393893385246,0.5365041313178339,1.1569020635696436
0.836334774454808,1.0716667071570696,0.5687269697326207,0.05167096251918932
0.9447288521059509,0.9632726295059266,0.46033289208147776,0.1600650401703322
1.6338546673867553,0.2741468142251222,0.22879292319932681,0.8491908554511367
1.6302130038524034,0.27778847775947413,0.22515125966497473,0.8455491919167847
0.7992523603774846,1.1087491212343932,0.6058093838099442,0.014588548441866583
0.33343656059408827,1.5745649210177892,1.0716251835933404,0.4512272513415304
0.4437048945521817,1.4642965870596958,0.9613568496352469,0.34095891738343703
1.5733547128491667,0.3346467687627109,0.1682929686617381,0.788690900913548
0.09118819969249821,1.81681328191938,1.3138735444949312,0.6934756122431214
1.3134212071558384,0.5945802744560392,0.09164053703159043,0.5287573952202196
0.9260620078426339,0.9819394737692435,0.47899973634479465,0.1413981959070152
0.09699067831768654,1.8110108032941903,1.3080710658697414,0.6876731336179316
1.4223606739753432,0.48564080763653444,0.01729892978791474,0.6376968620397243
1.1113709764108752,0.7966305052010023,0.29369076777655345,0.32670716447525644
0.18325188776936602,1.7247495938425121,1.2218098564180635,0.6014119241662534
0.691207210403152,1.2167942712087256,0.7138545337842768,0.09345660153246685
1.8669308225975583,0.041070659014319735,0.46186907841012953,1.0822670106619394
0.7577735102949786,1.1502279713168988,0.64728823389245,0.026890301640640293
1.5356720966457225,0.3723293849661552,0.13061035245829372,0.7510082847101036
1.9433442368432285,0.03534275523135127,0.5382824926557999,1.1586804249076097
0.1555393753871292,1.752462106224748,1.2495223688002994,0.6291244365484895
1.067413149278795,0.8405883323330825,0.33764859490863364,0.28274933734317625
1.3723619530649276,0.5356395285469499,0.03269979112250098,0.5876981411293088
1.2854802740954592,0.6225212075164184,0.11958147009196955,0.5008164621598403
1.2046046134045645,0.7033968682073131,0.20045713078286417,0.41994080146894575
0.6972488074365901,1.2107526741752874,0.7078129367508385,0.08741500449902846
1.356101464842578,0.5519000167692997,0.04896027934485079,0.5714376529069591
0.8857800536834916,1.0222214279283859,0.5192816905039371,0.10111624174787283
0.1003278618576366,1.8076736197542402,1.3047338823297914,0.6843359500779815
0.9469462917283907,0.9610551898834868,0.45811545245903795,0.16228247979277194
1.371265340109558,0.5367361415023196,0.03379640407787067,0.5866015281739392
1.3720109610108455,0.535990520601032,0.033050783176583255,0.5873471490752268
0.9259357538199768,0.9820657277919006,0.4791259903674518,0.14127194188435813
1.3106852082864653,0.5973162733254123,0.09437653590096344,0.5260213963508465
1.396397517573469,0.5116039640384085,0.00866422661396049,0.6117337056378502
1.1780884216418397,0.7299130599700379,0.226973322545589,0.3934246097062209
1.8191246421399563,0.08887683947192215,0.41406289795252765,1.0344608302043374
0.518530361141773,1.3894711204701047,0.8865313830456557,0.2661334507938458
1.899011344506468,0.008990137105402987,0.4939496003190394,1.1143475325708494
1.5403201024354598,0.36768137917641763,0.13525835824803126,0.7556562904998412
1.665921375202978,0.24208010640889946,0.2608596310155495,0.8812575632673593
1.3994453988555513,0.5085560827563264,0.005616345331876503,0.6147815869199325
1.954479058684706,0.046477577072829804,0.5494173144972775,1.1698152467490872
2.1154896926360522,0.20748821102417447,0.7104279484486234,1.3308258807004334
0.7267908548276379,1.1812106267842395,0.6782708893597907,0.05787295710798076
1.3342904605697088,0.5737110210421686,0.07077128361771985,0.54962664863409
1.0021586342902478,0.9058428473216298,0.4029031098971809,0.217494822354629
0.863835129302898,1.0441663523089797,0.5412266148845307,0.07917131736727934
1.5141729648395712,0.39382851677230646,0.10911122065214252,0.7295091529039525
1.6433492851475786,0.2646521964642989,0.23828754096014992,0.8586854732119598
1.7005607617871314,0.2074407198247461,0.29549901759970293,0.9158969498515127
1.7067927516973038,0.20120872991457384,0.301731007509875,0.9221289397616849
0.28753269001904713,1.6204687915928304,1.1175290541683813,0.49713112191657155
1.644533449721858,0.26346803189001977,0.23947170553442926,0.8598696377862391
1.9741350021722628,0.06613352056038617,0.5690732579848341,1.189471190236644
1.3637435909526714,0.5442578906592063,0.04131815323475749,0.5790797790170525
2.230153383433351,0.3221519018214734,0.8250916392459224,1.4454895714977323
0.8481518865683253,1.0598495950435525,0.5569098576191034,0.06348807463270645
0.7644932931560204,1.143508188455857,0.6405684510314082,0.020170518779599442
1.4836312812919752,0.4243702003199025,0.0785695371045464,0.6989674693563562
0.9671180536587172,0.9408834279531604,0.4379436905287115,0.18245424172309846
1.6705284850043514,0.23747299660752622,0.2654667408169225,0.8858646730687325
1.133547478888165,0.7744540027237127,0.27151426529926376,0.34888366695254613
2.206417931730716,0.2984164501188388,0.8013561875432875,1.4217541197950974
2.218171979546798,0.3101704979349203,0.8131102353593691,1.433508167611179
1.3766030204495412,0.5313984611623364,0.028458723737887492,0.5919392085139225
1.7907398183392809,0.117261663272597,0.3856780741518523,1.0060760064036622
0.008143504092267528,1.91614498570414,1.413205248279691,0.7928073160278812
0.9847174004801293,0.9232840811317483,0.4203443437072994,0.2000535885445105
0.3322433744915575,1.5757581071203202,1.0728183696958715,0.45242043744406146
0.9319501263095741,0.9760513553023035,0.4731116178778546,0.14728631437395528
1.7766274337488808,0.13137404786299697,0.3715656895614521,0.991963621813262
1.5012852181039047,0.40671626350797296,0.09622347391647594,0.7166214061682858
0.8917381962650908,1.0162632853467868,0.5133235479223379,0.107074384329472
1.2094561407087758,0.6985453409031017,0.1956056034786528,0.4247923287731571
0.5352110573122043,1.3727904242996734,0.8698506868752244,0.2494527546234145
0.09591800187232266,1.8120834797395553,1.3091437423151064,0.6887458100632965
1.3126378501964637,0.5953636314154138,0.09242389399096489,0.527974038260845
1.478059566864606,0.42994191474727156,0.0729978226771773,0.6933957549289872
0.7125403820955414,1.1954610995163362,0.6925213620918873,0.07212342984007755
1.1511712995014762,0.7568301821104012,0.25389044468595234,0.3665074875658576
1.6584996172588493,0.24950186435302804,0.2534378730714206,0.8738358053232305
0.9627106427324562,0.9452908388794213,0.4423511014549725,0.17804683079683742
0.6338167068485605,1.2741847747633173,0.7712450373388684,0.1508471050870585
1.1113709764108752,0.7966305052010023,0.29369076777655345,0.32670716447525644
1.214089249651501,0.6939122319603765,0.19097249453592768,0.4294254377158822
0.3933116774387742,2.3013131590506517,1.798373421626203,1.1779754893743932
1.1077242497050546,0.8002772319068231,0.2973374944823742,0.3230604377694357
1.9241347740554746,0.01613329244359431,0.5190730298680458,1.1394709621198558
1.7992721469023318,0.10872933470954577,0.3942104027149031,1.014608334966713
1.208703286376322,0.6992981952355555,0.1963584578111066,0.42403947444070333
1.8430001728290106,0.0650013087828665,0.437938428641582,1.0583363608933918
0.9370125956860723,0.9709888859258053,0.4680491485013564,0.15234878375045352
1.2091289542126202,0.6988725273992574,0.19593278997480854,0.4244651422770014
1.7194850294282926,0.188516452183585,0.314423285240864,0.9348212174926738
1.344422780933477,0.5635787006784007,0.06063896325395181,0.5597589689978582
0.7682437040181019,1.1397577775937755,0.6368180401693267,0.016420107917517295
1.6663575925832235,0.2416438890286539,0.26129584839579484,0.8816937806476048
0.24338760151685385,1.6646138800950234,1.1616741426705746,0.5412762104187646
1.9367053085332935,0.028703826921418183,0.5316435643458647,1.1520414965976744
0.7538287502955019,1.1541727313163757,0.6512329938919268,0.03083506164011651
0.2567426028664032,1.651258878745474,1.1483191413210252,0.5279212090692154
0.7566325978368058,1.1513688837750717,0.6484291463506229,0.02803121409881263
1.0445795296517415,0.8634219519601359,0.360482214535687,0.2599157177161229
1.7687407266731014,0.1392607549387761,0.3636789824856728,0.9840769147374827
1.3332337836158774,0.5747676979960001,0.0718279605715513,0.5485699716802587
0.03403335752755851,1.873968124084318,1.3710283866598691,0.7506304544080592
1.9663595113722714,0.05835802976039412,0.5612977671848425,1.1816956994366523
1.0759512222051981,0.8320502594066795,0.3291105219822306,0.2912874102695793
0.5120550256191606,1.3959464559927168,0.893006718568268,0.27260878631645813
2.067572449426071,0.15957096781419405,0.6625107052386427,1.2829086374904526
1.2709110101089443,0.6370904715029333,0.13415073407848446,0.48624719817332546
0.8799641646119131,1.0280373169999644,0.5250975795755155,0.09530035267629433
0.4031235074586368,2.3111249890705143,1.8081852516460657,1.1877873193942556
1.5524019021115147,0.35559957950036275,0.1473401579240861,0.767738090175896
0.4545490504990925,1.453452431112785,0.9505126936883361,0.3301147614365262
2.019771608763173,0.1117701271512957,0.6147098645757447,1.2351077968275546
1.3945165677817029,0.5134849138301747,0.01054517640572523,0.6098527558460841
1.6143931011209,0.2936083804909777,0.20933135693347135,0.8297292891852812
0.8008657725676033,1.1071357090442744,0.6041959716198254,0.016201960631984782
0.06527646150806445,1.9732779431199408,1.4703382056954921,0.8499402734436822
1.5813251172330314,0.32667636437884634,0.17626337304560258,0.7966613052974125
1.6584280759876564,0.2495734056242211,0.2533663318002278,0.8737642640520376
1.8113074345210893,0.09669404709078923,0.40624569033366065,1.0266436225854705
0.13841509017524636,1.769586391436631,1.2666466540121821,0.6462487217603723
0.9319501263095741,0.9760513553023035,0.4731116178778546,0.14728631437395528
1.4983481286354363,0.40965335297644134,0.09328638444800767,0.7136843166998175
1.359436322090973,0.5485651595209045,0.045625422096455696,0.5747725101553544
1.5564941425959957,0.351507339015882,0.1514323984085669,0.7718303306603768
0.5876425297786373,1.3203589518332401,0.8174192144087914,0.19702128215698164
1.5362787520660601,0.3717227295458175,0.13121700787863158,0.7516149401304414
1.9804102161148314,0.07240873450295343,0.5753484719274026,1.1957464041792125
1.0146407989813744,0.8933606826305033,0.3904209452060544,0.22997698704575548
0.6819790643119402,2.589980545923818,2.087040808499369,1.4666428762475592
0.6601327770270716,1.2478687045848058,0.744928967160357,0.1245310349085472
1.3552714476427266,0.552730033969151,0.04979029654470198,0.5706076357071078
0.9599638541279413,0.9480376274839363,0.4450978900594874,0.1753000421923225
0.9191603163583635,0.9888411652535141,0.48590142782906515,0.13449650442274483
0.28637997719756597,1.6216215044143114,1.1186817669898625,0.49828383473805266
1.6036371740579058,0.30436430755397165,0.19857542987047724,0.8189733621222871
1.6481846902016926,0.2598167914101851,0.2431229460142639,0.8635208782660738
0.6851631851223651,1.2228382964895124,0.7198985590650635,0.09950062681325365
2.330503332714108,0.4225018511022303,0.9254415885266792,1.545839520778489
0.5204646491879513,1.3875368324239263,0.8845970949994774,0.2641991627476675
0.47060053651121614,1.4374009451006613,0.9344612076762124,0.31406327542440254
0.53889061503024,1.3691108665816374,0.8661711291571886,0.24577319690537885
1.3826251817869395,0.5253762998249382,0.02243656240048932,0.5979613698513206
1.4359211367050013,0.4720803449068764,0.030859392517572592,0.6512573247693824
0.5447884413995066,1.363213040212371,0.8602733027879222,0.23987537053611233
0.41063047817703635,1.4973710034348413,0.9944312660103924,0.37403333375858255
0.2982358052438095,1.6097656763680679,1.106825938943619,0.48642800669180913
1.7352057518357276,0.17279572977614993,0.3301440076482989,0.9505419399001087
0.20742794577038284,1.7005735358414953,1.1976337984170466,0.5772358661652366
1.4960304341305,0.41197104748137764,0.09096868994307125,0.7113666221948811
1.7453636594909079,0.1626378221209695,0.3403019153034793,0.9606998475552891
1.9783086245377963,0.07030714292591825,0.5732468803503676,1.1936448126021775
1.736653226802697,0.17134825480918042,0.33159148261526833,0.9519894148670782
1.1480383645489975,0.7599631170628801,0.2570233796384313,0.36337455261337864
0.8143893028510938,1.0936121787607838,0.5906724413363349,0.029725490915474755
2.19492636527496,0.2869248836630825,0.7898646210875315,1.4102625533393414
0.988913746570774,0.9190877350411035,0.41614799761665466,0.20424993463515523
1.60879758021886,0.2992039013930175,0.20373583603143142,0.8241337682832414
0.9867749489389899,0.9212265326728878,0.41828679524843887,0.20211113700337105
2.159398413482534,0.25139693187065676,0.7543366692951055,1.3747346015469153
1.69062637762124,0.2173751039906375,0.28556463343381133,0.9059625656856213
1.7540188131488794,0.15398266846299846,0.3489570689614506,0.9693550012132605
1.5962020165336983,0.3117994650781793,0.19114027234626965,0.8115382045980796
0.25311282345249725,2.161114305064375,1.658174567639926,1.037776635388116
0.1572818959962026,2.0652833776080795,1.5623436401836306,0.9419457079318208
2.009781682808687,0.10178020119681011,0.6047199386212587,1.2251178708730686
1.5691627547593185,0.33883872685255895,0.16410101057189,0.7844989428236998
0.7267908548276379,1.1812106267842395,0.6782708893597907,0.05787295710798076
0.4547938941473051,2.362795375759182,1.8598556383347336,1.2394577060829237
1.0377722133114151,0.8702292683004624,0.3672895308760135,0.2531084013757964
2.145310502684629,0.2373090210727516,0.7402487584972005,1.3606466907490102
1.9515124365203476,0.04351095490847104,0.5464506923329187,1.1668486245847285
0.4697613360727418,1.4382401455391356,0.9353004081146867,0.3149024758628768
1.140723158601461,0.7672783230104165,0.2643385855859677,0.3560593466658422
1.2525840945536029,0.6554173870582746,0.15247764963382576,0.46792028261798413
0.7983710484266582,2.7063725300385357,2.203432792614087,1.583034860362277
0.23116832276106936,1.6768331588508083,1.1738934214263592,0.5534954891745494
1.8110978768906545,0.09690360472122324,0.4060361327032257,1.0264340649550356
1.4993665249760901,0.40863495663578736,0.09430478078866153,0.7147027130404714
0.7864851233037496,1.1215163583081278,0.618576620883679,0.0018213113681321573
1.8871508647956463,0.02085061681623294,0.4820891206082175,1.1024870528600275
0.3775603098189791,1.5304411717928983,1.0275014343684494,0.4071035021166396
1.839891975335787,0.06810950627609057,0.4348302311483583,1.0552281634001681
0.9559367224255896,0.952064759186288,0.4491250217618391,0.17127291048997081
1.4708856653035955,0.43711581630828206,0.06582392111616689,0.6862218533679768
0.8396273567960886,1.068374124815789,0.5654343873913401,0.05496354486046974
0.04462609713809121,1.952627578749968,1.4496878413255192,0.8292899090737093
1.5322343872797455,0.37576709433213223,0.12717264309231677,0.7475705753441266
2.3583996953263666,0.4503982137144891,0.9533379511389379,1.5737358833907478
1.3502206078917056,0.5577808737201719,0.05484113629572307,0.5655567959560868
0.3047720223425725,1.603229459269305,1.1002897218448564,0.4798917895930465
1.4232640132643202,0.4847374683475573,0.01820226907689185,0.6386002013287014
1.6743479681859932,0.23365351342588445,0.26928622399856456,0.8896841562503744
0.5884476686175895,1.3195538129942879,0.8166140755698391,0.1962161433180292
0.9820140969043581,0.9259873847075194,0.42304764728307054,0.19735028496873935
2.239853321669661,0.33185184005778323,0.8347915774822321,1.455189509734042
0.3047720223425725,1.603229459269305,1.1002897218448564,0.4798917895930465
0.4099985407465222,1.4980029408653552,0.9950632034409064,0.3746652711890965
1.1498252001944775,0.7581762814173999,0.25523654399295104,0.3651613882588589
1.663033131358345,0.24496835025353245,0.25797138717091644,0.8783693194227262
0.6412815479168891,1.2667199336949884,0.7637801962705396,0.1433822640187296
0.5101142869461998,1.397887194665678,0.894947457241229,0.27454952498941915
0.6528613432500094,1.2551401383618683,0.7522004009374194,0.1318024686856095
0.5966340521913231,2.5046355338032007,2.001695796378752,1.381297864126942
0.6386248891101187,1.2693765925017588,0.76643685507731,0.1460389228255002
0.5930255914536434,1.314975890158234,0.8120361527337852,0.19163822048197524
0.19905604473189034,1.7089454368799866,1.2060056994555377,0.5856077672037278
0.27695293716454783,1.6310485444473297,1.128108807022881,0.507710874771071
1.6622511208135036,0.24575036079837395,0.2571893766260751,0.8775873088778849
0.30763030082788284,1.6003711807839947,1.0974314433595458,0.4770335111077358
1.791224315987288,0.11677716562459027,0.3861625717998593,1.0065605040516692
1.4403225197129852,0.46767896189889246,0.03526077552555642,0.6556587077773663
1.9072235872993784,0.000777894312453612,0.5021618431119496,1.1225597753637595
1.3534627254938452,0.5545387561180323,0.051599018693583444,0.5687989135582265
1.432776693138493,0.4752247884733845,0.02771494895106437,0.6481128812028744
0.21310376580808446,1.6948977158037928,1.1919579783793437,0.5715600461275339
1.6536142920218762,0.25438718959000134,0.2485525478344475,0.8689504800862574
1.3939044498051187,0.5140970318067588,0.011157294382309363,0.6092406378695
2.373832766254363,0.46583128464248524,0.9687710220669341,1.589168954318744
0.0315554619039602,1.939556943515838,1.436617206091389,0.8162192738395792
1.4774676782499898,0.4305338033618878,0.07240593406256116,0.692803866314371
1.8993914728809551,0.008610008730930088,0.4943297286935265,1.1147276609453363
1.4231425518108638,0.4848589298010137,0.018080807623435734,0.6384787398752451
1.4822676653434617,0.42573381626841594,0.077205921156033,0.6976038534078428
1.4858695229169707,0.422131958694907,0.08080777872954208,0.7012057109813519
0.7403063127063713,1.1676951689055062,0.6647554314810574,0.044357499229247276
0.4179675788232752,1.4900339027886023,0.9870941653641534,0.3666962331123434
1.6560140746727314,0.25198740693914634,0.2509523304853027,0.8713502627371127
0.041902265171320494,1.9499037467832012,1.4469640093587524,0.8265660771069424
0.5120550256191606,1.3959464559927168,0.893006718568268,0.27260878631645813
0.2491601065294614,2.157161588141339,1.6542218507168902,1.0338239184650801
1.0888380072035868,0.8191634744082906,0.3162237369838418,0.30417419526796813
0.08150535532230346,1.9895068369341802,1.4865670995097313,0.8661691672579214
1.558067871588005,0.3499336100238726,0.1530061274005764,0.7734040596523862
0.6535761905808459,1.2544252910310314,0.7514855536065828,0.13108762135477295
1.734519362642949,0.1734821189689288,0.32945761845552024,0.9498555507073301
0.1767193913541708,1.731282090257707,1.2283423528332584,0.6079444205814485
1.4494609482815257,0.4585405333303519,0.04439920409409709,0.664797136345907
1.022375117514543,0.8856263640973345,0.38268662667288567,0.23771130557892428
1.6129624546671066,0.295039026944771,0.207900710479678,0.8282986427314879
0.9183510912150766,0.9896503903968009,0.48671065297235205,0.13368727927945787
1.4973972053993594,0.4106042762125183,0.09233546121193063,0.7127333934637405
1.213438945740167,0.6945625358717105,0.19162279844726154,0.42877513380454835
0.9359861368860569,0.9720153447258207,0.46907560730137177,0.15132232495043813
1.9706745790307403,0.06267309741886341,0.5656128348433116,1.1860107670951214
0.8910505734780955,1.0169509081337822,0.5140111707093332,0.10638676154247674
0.10393492651116816,1.8040665551007091,1.3011268176762603,0.6807288854244504
1.7992721469023318,0.10872933470954577,0.3942104027149031,1.014608334966713
1.3564640865221373,0.5515373950897403,0.048597657665291526,0.5718002745865185
0.00676457678232359,1.9147660583942185,1.4118263209697697,0.7914283887179597
1.2636242649710696,0.6443772166408079,0.14143747921635902,0.4789604530354509
0.30308063807956653,2.2110821196914445,1.7081423822669954,1.0877444500151854
1.0686243974941458,0.8393770841177318,0.3364373466932829,0.283960585558527
0.9816353348345999,0.9263661467772777,0.4234264093528289,0.1969715228989811
1.555541834913897,0.35245964669798074,0.15048009072646823,0.7708780229782781
0.9414815356137296,0.966519945998148,0.4635802085736991,0.1568177236781109
1.606312037631551,0.30168944398032665,0.20125029344412226,0.8216482256959321
1.1888611772209885,0.719140304390889,0.21620056696644022,0.4041973652853697
0.43091126196280083,1.4770902196490767,0.9741504822246277,0.3537525499728179
1.828591771690178,0.07940970992169967,0.4235300275027494,1.0439279597545592
0.10890504344331682,2.016906525055195,1.5139667876307463,0.8935688553789365
1.4373508313666743,0.4706506502452034,0.03228908717924545,0.6526870194310553
0.3884668254786818,2.296468307090559,1.7935285696661103,1.1731306374143005
1.4695172567852859,0.4384842248265918,0.06445551259785705,0.684853444849667
1.5416801084334755,0.3663213731784023,0.13661836424604665,0.7570162964978565
0.6584944847241726,1.249506996887705,0.7465672594632561,0.12616932721144627
0.7904051657359539,1.117596315875924,0.6146565784514749,0.005741353800338121
0.8330263127220586,1.074975168889819,0.5720354314653702,0.04836250078643986
1.989649729850343,0.08164824823846556,0.5845879856629141,1.2049859179147242
0.253941891528258,2.1619433731401356,1.6590036357156868,1.038605703463877
0.5355247105998335,1.372476771012044,0.8695370335875952,0.24913910133578532
1.3266871886295297,0.5813142929823479,0.07837455555789909,0.5420233766939109
0.2736239651761391,1.6343775164357384,1.1314377790112897,0.5110398467594798
1.6445758447242718,0.26342563688760573,0.23951410053684308,0.859912032788653
1.768873413185418,0.1391280684264596,0.36381166899798933,0.9842096012497992
1.5866117774172381,0.32138970419463925,0.18155003322980953,0.8019479654816195
0.12493108573429948,2.032932567346176,1.5299928299217274,0.9095948976699174
0.21566507686839592,1.6923364047434817,1.1893966673190328,0.568998735067223
0.22619831116183553,2.1341997927737135,1.6312600553492649,1.010862123097455
1.0078542773659398,0.9001472042459376,0.3972074668214888,0.22319046543032114
0.8682627669230969,1.0397387146887807,0.5367989772643318,0.08359895498747823
1.0209612995766064,0.8870401820352711,0.38410044461082216,0.23629748764098774
1.6634250220694173,0.24457645954246035,0.2583632778819886,0.8787612101337984
2.0207607079832433,0.11275922637136611,0.6156989637958147,1.2360968960476246
1.4073193736637153,0.5006821079481625,0.002257629476285617,0.6226555617280963
0.36734633396498056,1.540655147646897,1.0377154102224482,0.41731747797063823
0.6663322025975076,1.24166927901437,0.7387295415899211,0.11833160933811114
0.07337738438083255,1.8346240972310466,1.3316843598065977,0.7112864275547878
1.6363968444504668,0.2716046371614109,0.23133510026303808,0.8517330325148479
1.3925882977084059,0.5154131839034718,0.012473446479023265,0.607924485772787
1.7688286819454577,0.13917279966641996,0.3637669377580292,0.9841648700098391
0.9943414266678067,0.9136600549440709,0.41072031751962196,0.209677614732188
0.47060053651121614,1.4374009451006613,0.9344612076762124,0.31406327542440254
0.6258893855924698,1.2821120960194077,0.7791723585949588,0.1587744263431488
1.803001492096289,0.10499998951558907,0.39793974790886005,1.0183376801606698
0.43970976182694016,1.4682917197849374,0.9653519823604887,0.3449540501086788
1.3652981651375666,0.5427033164743108,0.03976357904986198,0.580634353201948
2.149738554821606,0.2417370732097286,0.7446768106341777,1.3650747428859875
1.733813818645439,0.17418766296643828,0.32875207445801036,0.9491500067098203
0.9647681911919125,0.9432332904199652,0.44029355299551626,0.18010437925629372
0.2491601065294614,2.157161588141339,1.6542218507168902,1.0338239184650801
0.91955467334589,0.9884468082659875,0.4855070708415387,0.1348908614102713
2.363872106663955,0.45587062505207754,0.9588103624765263,1.5792082947283361
0.2440496578181861,1.6639518237936912,1.1610120863692424,0.5406141541174326
0.2262669789129926,2.1342684605248703,1.6313287231004212,1.0109307908486114
0.49381386999967747,1.4141876116121999,0.9112478741877511,0.29084994193594116
1.3363147565664513,0.5716867250454263,0.06874698762097754,0.5516509446308324
2.2162200439028563,0.3082185622909787,0.8111582997154276,1.4315562319672375
0.10725623241391458,1.8007452491979636,1.2978055117735148,0.6774075795217048
1.7907398183392809,0.117261663272597,0.3856780741518523,1.0060760064036622
0.9866326954289691,0.9213687861829085,0.41842904875845965,0.2019688834933503
0.602587400513969,1.3054140810979085,0.8024743436734597,0.18207641142164985
0.3090564365175503,1.5989450450943272,1.0960053076698784,0.47560737541806847
1.243567956466714,0.6644335251451636,0.16149378772071474,0.4589041445310952
0.41239393272735986,1.4956075488845177,0.992667811460069,0.37226987920825916
0.3057120122696643,1.6022894693422134,1.0993497319177647,0.47895179966595475
1.6476404136190779,0.2603610679927998,0.24257866943164919,0.8629766016834591
0.09365117108672227,2.0016526526986,1.4987129152741512,0.8783149830223412
1.8119675690962918,0.09603391251558566,0.4069058249088631,1.0273037571606731
0.6918890888288263,1.2161123927830513,0.7131726553586024,0.09277472310679268
1.9236517754244955,0.015650293812617632,0.5185900312370667,1.1389879634888767
0.660500718608161,1.2475007630037167,0.7445610255792678,0.12416309332745792
1.115531202201989,0.7924702794098886,0.2895305419854397,0.3308673902663702
1.3849383728051157,0.523063108806762,0.020123371382313154,0.6002745608694968
1.1744728800115731,0.7335286016003043,0.23058886417585547,0.38980906807595445
0.46855981656731893,1.4394416650445587,0.9365019276201098,0.3161039953682999
0.7739657625003507,1.1340357191115271,0.6310959816870781,0.010698049435268137
0.20594161663349847,1.7020598649783791,1.1991201275539303,0.5787221953021203
1.4075910256551944,0.5004104559566832,0.002529281467767261,0.6229272137195756
1.12272124415296,0.7852802374589176,0.2823405000344687,0.33805743221734125
1.3937783366847014,0.5142231449271762,0.01128340750272782,0.6091145247490826
0.1163604584149907,2.0243619400268678,1.5214222026024191,0.9010242703506093
0.7921803618105611,1.1158211198013164,0.6128813823768675,0.007516549874944254
1.7918114020837337,0.11619007952814381,0.386749657896305,1.0071475901481148
1.7032741977238288,0.20472728388804873,0.2982124535364003,0.9186103857882102
1.9865883123509775,0.07858683073910044,0.581526568163549,1.201924500415359
2.0721549319174977,0.1641534503056203,0.667093187730069,1.2874911199818788
1.5362787520660601,0.3717227295458175,0.13121700787863158,0.7516149401304414
0.9661874898253033,0.9418139917865743,0.43887425436212546,0.18152367788968451
1.8376362270158637,0.0703652545960145,0.432574482828435,1.0529724150802449
1.4115985988981767,0.49640288271370075,0.006536854710748591,0.626934786962558
0.5163331690214025,1.391668312590475,0.8887285751660261,0.2683306429142162
1.8552459080290953,0.05275557358278298,0.4501841638416665,1.0705820960934764
1.029319762086488,0.8786817195253895,0.37574198210094073,0.2446559501508692
0.3410863527910361,1.5669151288208412,1.0639753913963925,0.44357745914458246
0.13236981140468598,1.7756316702071915,1.2726919327827426,0.6522940005309327
0.7584620921508645,1.149539389461013,0.6465996520365642,0.02620171978475431
1.591849469209515,0.3161520124023624,0.18678772502208654,0.8071856572738965
0.3327791767702319,1.5752223048416456,1.072282567417197,0.4518846351653869
1.684266900092407,0.22373458151947048,0.2792051559049784,0.8996030881567882
1.0598041329770564,0.8481973486348211,0.3452576112103722,0.2751403210414377
0.4320697000254373,2.340071181637315,1.8371314442128661,1.216733511961056
1.5202083930518973,0.3877930885599803,0.11514664886446856,0.7355445811162784
1.4761515334312383,0.43184994818063926,0.07108978924380965,0.6914877214956194
1.2653253406806917,0.642676140931186,0.13973640350673708,0.48066152874507284
1.2431545855749089,0.6648468960369687,0.16190715861251986,0.45849077363929003
1.428692663292979,0.4793088183188985,0.02363091910555062,0.6440288513573603
1.363017254898597,0.5449842267132806,0.0420444892888317,0.5783534429629782
1.3721603351340987,0.5358411464777788,0.032901409053329944,0.58749652319848
1.69968108806999,0.20832039354188747,0.2946193438825612,0.9150172761343711
1.607958674199482,0.3000428074123956,0.20289693001205333,0.8232948622638632
1.3928362841280495,0.515165197483828,0.012225460059378728,0.6081724721924308
1.5079692921705783,0.4000321894412993,0.10290754798314962,0.7233054802349594
1.6694038158041498,0.238597665807728,0.2643420716167211,0.884740003868531
1.7500960507200476,0.15790543089183032,0.3450343065326189,0.9654322387844287
1.8993914728809551,0.008610008730930088,0.4943297286935265,1.1147276609453363
1.6328591356740476,0.27514234593782994,0.22779739148661896,0.8481953237384289
0.4794889034201057,1.4285125781917718,0.9255728407673229,0.30517490851551304
0.7644932931560204,1.143508188455857,0.6405684510314082,0.020170518779599442
1.0771950248116073,0.8308064568002701,0.32786671937582124,0.29253121287598866
1.6680270630249778,0.23997441858689975,0.2629653188375491,0.883363251089359
1.1392662393953512,0.7687352422165264,0.26579550479207753,0.35460242745973236
1.3709116072495253,0.5370898743623521,0.034150136937903336,0.5862477953139066
1.8220671941652666,0.08593428744661044,0.41700544997783795,1.0374033822296478
0.401908434918407,1.5060930466934703,1.0031533092690217,0.38275537701721174
1.402014518658029,0.5059869629538486,0.0030472255294022063,0.6173507067224102
0.24583374270874603,1.6621677389031313,1.1592280014786827,0.5388300692268727
1.723659339923952,0.18434214168792565,0.3185975957365233,0.9389955279883331
0.2382810790773819,1.6697204025344956,1.1667806651100467,0.5463827328582369
1.489392739415377,0.4186087421965005,0.08433099522794832,0.7047289274797582
1.797911678082437,0.11008980352944067,0.3928499338950082,1.013247866146818
1.6026787183622306,0.30532276324964686,0.19761697417480206,0.818014906426612
0.4092490845924474,1.49875239701943,0.9958126595949812,0.37541472734317144
0.8306433585867623,1.0773581230251152,0.5744183856006665,0.04597954665114364
1.4365552803353447,0.47144620127653286,0.03149353614791635,0.651891468399726
0.3499092063476055,1.5580922752642719,1.0551525378398232,0.43475460558801327
1.6032790631424725,0.3047224184694051,0.19821731895504385,0.8186152512068536
1.9954992620809515,0.08749778046907457,0.5904375178935228,1.2108354501453327
0.5016302502777195,2.4096317318895966,1.906691994465148,1.286294062213338
0.3539223803816394,1.5540791012302382,1.0511393638057893,0.43074143155397937
0.3933116774387742,2.3013131590506517,1.798373421626203,1.1779754893743932
1.0361577292343531,0.8718437523775244,0.3689040149530755,0.2514939172987344
0.32331477716441664,1.5846867044474613,1.0817469670230124,0.4613490347712026
0.6958828651965218,1.2121186164153557,0.7091788789909068,0.08878094673909696
0.7962323917012832,2.7042338733131612,2.201294135888712,1.5808962036369023
0.5651735736494685,1.342827907962409,0.8398881705379603,0.21949023828615039
1.1217135355913566,0.786287946020521,0.2833482085960721,0.33704972365573777
0.7266919662510616,1.181309515360816,0.6783697779363671,0.0579718456845572
0.021505360640569397,1.9295068422524502,1.4265671048280013,0.8061691725761914
0.015041372937168066,1.923042854549049,1.4201031171246001,0.7997051848727903
0.9818831912141442,0.9261182903977333,0.42317855297328444,0.19721937927852548
0.6917145726785093,1.2162869089333683,0.7133471715089194,0.09294923925710963
1.1706164007888673,0.7373850808230104,0.23444534339856146,0.38595258885324846
1.720882028795768,0.1871194528161094,0.3158202846083395,0.9362182168601494
1.5605089565469141,0.34749252506496336,0.1554472123594856,0.7758451446112955
1.7052857714013299,0.20271571021054757,0.3002240272139011,0.920621959465711
1.1136663927995283,0.7943350888123493,0.2913953513879004,0.3290025808639095
1.5060779463499345,0.4019235352619433,0.10101620216250569,0.7214141344143156
2.610902252564343,0.7029007709524652,1.2058405083769141,1.826238440628724
0.10830688313445637,2.016308364746333,1.5133686273218845,0.8929706950700745
0.594984957601985,1.3130165240098925,0.8100767865854437,0.18967885433363388
1.3218597232714477,0.5861417583404297,0.0832020209159809,0.537195911335829
1.228806641550053,0.6791948400618247,0.17625510263737587,0.444142829614434
1.0032076560217476,0.9047938255901301,0.4018540881656812,0.2185438440861287
0.6851631851223651,1.2228382964895124,0.7198985590650635,0.09950062681325365
2.3583996953263666,0.4503982137144891,0.9533379511389379,1.5737358833907478
0.5433851422528838,1.3646163393589938,0.861676601934545,0.24127866968273515
2.1399300101598064,0.2319285285479291,0.7348682659723779,1.3552661982241878
1.4660250983316263,0.4419763832802512,0.06096335414419762,0.6813612863960076
1.4873855355997625,0.42061594601211505,0.08232379141233383,0.7027217236641438
0.8770727763144354,1.030928705297442,0.5279889678729933,0.09240896437881664
1.770671332987519,0.13733014862435855,0.3656095888000903,0.9860075210519003
1.6358628229938947,0.27213865861798286,0.23080107880646597,0.8511990110582758
1.8514104845273311,0.05659099708454628,0.44634874033990246,1.0667466725917123
0.4455170538306536,1.462484427781224,0.959544690356775,0.3391467581049651
1.401247829419991,0.5067536521918865,0.00381391476743718,0.6165840174843723
1.4595942204368184,0.4484072611750592,0.05453247624938991,0.6749304085011997
0.8689239941944463,1.0390774874174311,0.5361377499929824,0.08426018225882759
1.8871802747293984,0.020821206882476965,0.4821185305419697,1.1025164627937796
1.4643851678625326,0.44361631374934507,0.0593234236751037,0.6797213559269137
0.9083688313486364,0.9996326502632411,0.4966929128387923,0.12370501941301763
1.2422587714669726,0.6657427101449049,0.16280297272045605,0.4575949595313539
1.7675584838237601,0.14044299778811756,0.36249673963633144,0.9828946718881414
0.43178053965583,1.4762209419560473,0.9732812045315985,0.35288327227978855
1.9367053085332935,0.028703826921418183,0.5316435643458647,1.1520414965976744
0.342442443557913,1.5655590380539646,1.0626193006295157,0.442221368377706
1.5294806008253274,0.37852088078655033,0.12441885663789858,0.7448167888897085
0.4051435745644135,1.5028579070474641,0.9999181696230153,0.3795202373712054
1.4510045792150186,0.456996902396859,0.04594283502758995,0.6663407672793997
0.08145638693037278,1.9894578685422502,1.4865181311178013,0.8661201988659913
0.8949380407114016,1.013063440900476,0.5101237034760272,0.11027422877578281
0.09391462069666572,1.8140868609152125,1.3111471234907637,0.6907491912389538
1.4855167626559986,0.4224847189558791,0.08045501846856991,0.7008529507203797
1.7052857714013299,0.20271571021054757,0.3002240272139011,0.920621959465711
1.8241752082782257,0.08382627333365225,0.41911346409079697,1.0395113963426068
2.1574405826302323,0.24943910101835515,0.7523788384428037,1.3727767706946135
1.595695360523207,0.3123061210886707,0.19063361633577824,0.8110315485875881
0.19463103510209198,1.713370446509786,1.2104307090853372,0.5900327768335273
1.656634807857282,0.2513666737545954,0.2515730636698534,0.8719709959216633
1.4223606739753432,0.48564080763653444,0.01729892978791474,0.6376968620397243
0.7654943055644805,1.142507176047397,0.6395674386229482,0.019169506371138467
1.0551130440591339,0.8528884375527436,0.3499487001282947,0.27044923212351524
1.5403540231327424,0.36764745847913516,0.13529227894531373,0.7556902111971237
1.665921375202978,0.24208010640889946,0.2608596310155495,0.8812575632673593
0.74262662433778,1.1653748572740976,0.6624351198496488,0.04203718759783876
0.6584944847241726,1.249506996887705,0.7465672594632561,0.12616932721144627
1.60187713849588,0.3061243431159977,0.1968153943084513,0.8172133265602611
1.0662529320815928,0.8417485495302848,0.3388088121058359,0.28158912014597404
0.44901398671281634,1.458987494899061,0.9560477574746123,0.3356498252228025
1.5142581901663301,0.39374329144554737,0.10919644597890146,0.7295943782307114
1.9093113647718123,0.0013098831599160077,0.5042496205843836,1.1246475528361934
1.9410399346439837,0.033038453032105085,0.5359781904565549,1.1563761227083649
1.0170028382968364,0.8909986433150412,0.38805890589059233,0.23233902636121762
2.095603409411657,0.1876019277997799,0.6905416652242287,1.3109395974760385
0.3167748800159015,2.2247763616277787,1.72183662420333,1.1014386919515202
2.2384654847362513,0.3304640031243736,0.8334037405488225,1.4538016728006324
2.2405116754257395,0.33251019381386143,0.8354499312383106,1.4558478634901204
0.8421848452212078,1.0658166363906698,0.5628768989662208,0.05752103328558929
0.2756809482759475,1.6323205333359303,1.1293807959114817,0.5089828636596716
0.026002214219279916,1.8819992673925952,1.3790595299681463,0.7586615977163363
0.33343656059408827,1.5745649210177892,1.0716251835933404,0.4512272513415304
1.7301982079031308,0.17780327370874663,0.32513646371570226,0.9455343959675122
0.22662879068452274,1.681372690927355,1.178432953502906,0.5580350212510963
0.9516885443731392,0.9563129372387383,0.4533731998142895,0.16702473243752045
0.4329775500803279,2.3409790316922052,1.8380392942677564,1.2176413620159465
1.5617156939980736,0.34628578761380396,0.1566539498106449,0.7770518820624548
0.33343656059408827,1.5745649210177892,1.0716251835933404,0.4512272513415304
1.5279394262240844,0.380062055387793,0.12287768203665586,0.7432756142884657
0.0473800254801756,1.860621456131704,1.3576817187072552,0.7372837864554453
1.3036821692253384,0.6043193123865391,0.10137957496209025,0.5190183572897197
1.6662280505279214,0.24177343108395624,0.2611663063404927,0.8815642385923027
0.8391641884829666,1.068837293128911,0.5658975557044621,0.054500376547347795
1.0953185416162212,0.8126829399956562,0.30974320257120735,0.31065472968060254
0.24583374270874603,1.6621677389031313,1.1592280014786827,0.5388300692268727
0.11713114922194816,2.0251326308338258,1.5221928934093767,0.9017949611575667
0.9131088886592694,0.9948925929526081,0.49195285552815926,0.12844507672365077
0.7295986659099473,1.1784028157019304,0.6754630782774814,0.05506514602567184
0.01675367201708931,1.8912478095947851,1.3883080721703362,0.7679101399185262
1.3264553317367533,0.5815461498751242,0.0786064124506753,0.5417915198011346
1.3488418033457092,0.5591596782661683,0.0562199408417194,0.5641779914100905
1.8735207825155633,0.03448069909631422,0.4684590383281346,1.0888569705799445
1.60187713849588,0.3061243431159977,0.1968153943084513,0.8172133265602611
1.6488348333188043,0.2591666482930735,0.24377308913137552,0.8641710213831854
0.4198738214915271,1.4881276601203501,0.9851879226959014,0.3647899904440915
0.0870328939299197,1.995034375541798,1.4920946381173492,0.8716967058655393
1.911921927789349,0.0039204461774748674,0.5068601836019203,1.1272581158537303
1.9474589093053283,0.039457427693449176,0.5423971651178995,1.1627950973697094
1.9382939443165197,0.030292462704642028,0.5332322001290909,1.1536301323809008
1.700213046902363,0.2077884347095146,0.2951513027149344,0.9155492349667443
1.5208579906977693,0.3871434909141081,0.1157962465103408,0.7361941787621507
2.0754420435114,0.16744056189952264,0.6703802993239713,1.290778231575781
0.5966340521913231,2.5046355338032007,2.001695796378752,1.381297864126942
1.8767876475211627,0.031213834090715088,0.471725903333734,1.0921238355855438
1.5687558163541948,0.33924566525768307,0.1636940721667659,0.7840920044185758
0.6691924028101387,1.2388090788017387,0.73586934137729,0.11547140912548018
1.383576255871843,0.5244252257400345,0.021485488315585874,0.5989124439362242
0.7802735317462605,1.1277279498656172,0.6247882124411682,0.0043902801893598966
1.619833231678091,0.28816824993378676,0.21477148749066216,0.835169419742472
0.9260620078426339,0.9819394737692435,0.47899973634479465,0.1413981959070152
0.8956478119154857,1.012353669696392,0.5094139322719431,0.11098399997986697
1.0400116803394361,0.8679898012724414,0.3650500638479926,0.2553478684038173
1.2121553553121824,0.6958461262996952,0.19290638887524636,0.4274915433765636
0.6804028803102584,1.2275986013016191,0.7246588638771703,0.10426093162536046
1.7744678413936936,0.13353364021818398,0.3694060972062651,0.989804029458075
1.0516151412437367,0.8563863403681409,0.353446602943692,0.2669513293081179
0.6386248891101187,1.2693765925017588,0.76643685507731,0.1460389228255002
1.3325397283416054,0.5754617532702723,0.0725220158458234,0.5478759164059865
0.09118819969249821,1.81681328191938,1.3138735444949312,0.6934756122431214
0.2379972601850835,1.6700042214267945,1.1670644840023456,0.5466665517505357
0.3260488642542469,1.5819526173576304,1.0790128799331815,0.4586149476813718
0.7965814530668833,1.1114200285449942,0.6084802911205454,0.011917641131266062
1.558067871588005,0.3499336100238726,0.1530061274005764,0.7734040596523862
0.7754704174173441,1.1325310641945334,0.6295913267700846,0.009193394518274408
1.6400278383449765,0.2679736432669014,0.23496609415754774,0.8553640264093575
0.31607632223910315,1.5919251593727743,1.0889854219483255,0.4685874896965158
1.8489841654573993,0.059017316154478354,0.4439224212699704,1.0643203535217802
1.7263009609778963,0.18170052063398162,0.3212392167904677,0.9416371490422775
0.2062049451692687,1.701796536442609,1.1988567990181602,0.5784588667663503
1.4931995029481901,0.41480197866368745,0.08813775876076145,0.7085356910125713
0.4127282388554922,2.32072972046737,1.817789983042921,1.197392050791111
0.33343656059408827,1.5745649210177892,1.0716251835933404,0.4512272513415304
0.602587400513969,1.3054140810979085,0.8024743436734597,0.18207641142164985
0.2522209920045412,1.6557804896073367,1.1528407521828878,0.5324428199310779
1.5617156939980736,0.34628578761380396,0.1566539498106449,0.7770518820624548
1.4304015377963937,0.47759994381548393,0.025339793608964958,0.6457377258607749
2.0833243599118005,0.17532287829992282,0.6782626157243717,1.2986605479761817
0.4250031804680875,1.4829983011437902,0.9800585637193413,0.35966063146753147
1.0218025236937869,0.8861989579180908,0.38325922049364186,0.23713871175816806
1.5012852181039047,0.40671626350797296,0.09622347391647594,0.7166214061682858
1.5573397547142107,0.3506617268976669,0.15227801052678205,0.772675942778592
0.6363885565942526,1.271612925017625,0.768673187593176,0.14827525534136618
1.3635761673300897,0.544425314281788,0.04148557685733926,0.5789123553944708
0.9559845981231598,0.9520168834887177,0.4490771460642688,0.17132078618754112
1.3405398244642968,0.5674616571475808,0.06452191972313193,0.555876012528678
0.8731351070914084,1.0348663745204691,0.5319266370960202,0.08847129515578965
0.11713114922194816,2.0251326308338258,1.5221928934093767,0.9017949611575667
0.21571390604783905,2.1237153876597166,1.6207756502352677,1.0003777179834579
0.0377339709701126,1.8702675106417663,1.3673277732173175,0.7469298409655076
1.424561709542015,0.48343977206986244,0.019499965354586115,0.6398978976063963
0.6350557060232715,1.272945775588606,0.7700060381641571,0.1496081059123473
0.42037952570632436,1.4876219559055532,0.9846822184811044,0.36428428622929443
1.5802367049712327,0.3277647766406449,0.175174960783804,0.795572893035614
1.1281998143656693,0.7798016672462081,0.2768619298217593,0.34353600243005067
1.9234568509760996,0.015455369364223228,0.5183951067886711,1.138793039040481
0.8826840330376744,1.0253174485742031,0.5223777111497543,0.09802022110205566
1.051441213348803,0.8565602682630745,0.35362053083862566,0.26677740141318423
1.1780884216418397,0.7299130599700379,0.226973322545589,0.3934246097062209
0.030200057572688652,1.8778014240391865,1.3748616866147376,0.7544637543629278
1.4521705407737087,0.455830940838169,0.04710879658627988,0.6675067288380898
0.29884491966502286,1.6091565619468544,1.1062168245224056,0.4858188922705957
1.859805474913487,0.048196006698390394,0.4547437307260582,1.075141662977868
1.6951619461514205,0.21283953546045736,0.2901002019639918,0.9104981342158016
1.5501525862782726,0.35784889533360503,0.14509084209084394,0.7654887743426538
0.59361462736112,1.3143868542507575,0.8114471168263087,0.1910491845744989
0.25375531960708986,1.654246162004788,1.151306424580339,0.5309084923285292
0.8828150614906219,1.0251864201212557,0.5222466826968067,0.09815124955500314
0.2362868702148881,2.144288351826765,1.6413486144023162,1.0209506821505063
1.9705957861864924,0.06259430457461543,0.5655340419990639,1.1859319742508738
1.2987601752065752,0.6092413064053023,0.10630156898085347,0.5140963632709565
0.179264159142653,2.0872656407545302,1.5843259033300814,0.9639279710782714
0.651913687234872,1.2560877943770057,0.7531480569525568,0.13275012470074685
1.2985229966609837,0.609478484950894,0.10653874752644509,0.5138591847253648
0.9611713997997601,0.9468300818121175,0.44389034438766867,0.1765075878641413
0.08043907165012242,1.8275624099617562,1.3246226725373074,0.7042247402854975
0.8702484905561912,1.0377529910556864,0.5348132536312374,0.08558467862057266
1.8385338219476894,0.06946765966418839,0.4334720777602608,1.0538700100120706
0.8976981196670055,1.010303361944872,0.507363624520423,0.11303430773138679
1.4192749067030916,0.48872657490878596,0.01421316251566319,0.6346110947674728
0.003987001996339822,1.9119884836082097,1.4090487461837609,0.7886508139319509
1.7052857714013299,0.20271571021054757,0.3002240272139011,0.920621959465711
0.7687344833039633,1.1392669983079142,0.6363272608834654,0.01592932863165516
2.295051850137639,0.3870503685257616,0.8899901059502104,1.5103880382020203
0.0377339709701126,1.8702675106417663,1.3673277732173175,0.7469298409655076
0.4112740495908101,2.319275531202688,1.8163357937782387,1.195937861526429
0.9812237447625147,0.9267777368493629,0.423837999424914,0.19655993282689588
1.410977865713626,0.4970236158982514,0.005916121526197498,0.6263140537780074
0.45298571753357847,1.4550157640782992,0.9520760266538504,0.3316780944020405
1.9043694050590327,0.003632076552849386,0.49930766087160416,1.1197055931234141
0.49032719224117477,1.4176742893707026,0.9147345519462539,0.29433661969444397
1.8110978768906545,0.09690360472122324,0.4060361327032257,1.0264340649550356
1.4231425518108638,0.4848589298010137,0.018080807623435734,0.6384787398752451
1.238738436677352,0.6692630449345257,0.1663233075100768,0.4540746247417331
1.5145402408541218,0.393461240757756,0.10947849666669303,0.7298764289185028
1.824485312542819,0.08351616906905891,0.4194235683553903,1.0398215006072002
1.4960304341305,0.41197104748137764,0.09096868994307125,0.7113666221948811
0.7893200388346006,1.1186814427772769,0.615741705352828,0.004656226898981851
1.374289414917565,0.5337120666943124,0.03077232926986368,0.5896256029819463
1.9303949402974385,0.022393458685560388,0.5253331961100101,1.14573112836182
1.5813251172330314,0.32667636437884634,0.17626337304560258,0.7966613052974125
1.319847179663512,0.5881543019483655,0.08521456452391665,0.5351833677278933
1.5628361052340038,0.34516537637787365,0.15777436104657522,0.7781722932983851
1.428692663292979,0.4793088183188985,0.02363091910555062,0.6440288513573603
1.4075910256551944,0.5004104559566832,0.002529281467767261,0.6229272137195756
0.9951074277798888,0.9128940538319887,0.4099543164075398,0.21044361584427004
1.0309116832321847,0.8770897983796928,0.3741500609552439,0.246247871296566
2.319023669501942,0.4110221878900645,0.9139619253145134,1.534359857566323
0.5001842907787221,1.4078171908331556,0.9048774534087066,0.2844795211568968
1.5166397779957064,0.3913617036161712,0.1115780338082778,0.7319759660600876
2.072312921247526,0.1643114396356482,0.6672511770600973,1.2876491093119071
1.4695172567852859,0.4384842248265918,0.06445551259785705,0.684853444849667
1.3810461229480047,0.526955358663873,0.024015621239424256,0.5963823110123858
1.5812277259198146,0.32677375569206313,0.1761659817323859,0.7965639139841957
0.3117002321022439,1.5963012495096334,1.0933615120851847,0.47296357983337484
1.2010398209871396,0.706961660624738,0.20402192320028914,0.4163760090515207
1.5828171907330228,0.32518429087885464,0.17775544654559433,0.7981533787974042
1.8739874998558907,0.034013981755987514,0.4689257556684623,1.0893236879202721
1.9670861210414796,0.05908463942960245,0.5620243768540509,1.1824223091058608
1.5188888120232782,0.3891126695885995,0.11382706783584948,0.7342250000876593
0.12498387675963343,2.032985358371511,1.5300456209470623,0.9096476886952525
2.4478521422093076,0.53985066059743,1.042790398021879,1.663188330273689
