<<<<<<< HEAD
0.226449319797
-0.0583721383395
0.0221581105341
0.0138811102867
0.0230127358919
0.00175750947059
-0.0111894513136
0.00709661241574
-0.00859480255554
-0.016865152739
-0.00260986676759
-0.0334259318859
-0.021401292605
-0.0190018987743
-0.0110621433868
0.0113746506187
-0.0117786568988
-0.000143174468677
0.0310050212681
0.00924346040987
0.0165337957556
-0.0169297413051
0.00786057113318
0.0181545128621
0.00214759400236
0.00751156846222
-0.00226392588517
-0.00751209829773
0.00181118186179
-0.0201655120292
-0.015443626398
-0.036968658799
-0.00360475570922
0.00319138225078
-0.0368131069466
0.00621059184853
-0.0124982593497
-0.0081530000096
-0.0126338849317
0.00708290461759
-0.00335723576174
0.0204368993172
0.0120522787223
0.00200537064151
-0.00889472605629
-0.011229219622
-0.0163509246013
-6.97460840186e-05
0.0282400448331
-0.0456686721695
-0.0166728496522
-0.0109914442807
-0.00523935176376
0.0510034116149
-0.00979210417988
-0.00858798026534
0.0131243161593
-0.0134770937019
0.00418870288553
0.0219874503471
0.00479549659694
-0.00195999994438
-0.0355968577865
0.0178144764452
0.0186306173853
-0.032229531665
-0.0508987005994
0.0278355451429
-0.0146431377769
0.00800269520895
-0.0401914563021
0.0269064295764
-0.0287652809132
0.00606555524665
0.0133472306372
-0.0117583207872
0.0354088535293
0.00269267329878
-0.00727470544376
-0.015212372311
-0.0222735017654
0.0110108142348
-0.0162106434535
-0.00208256632707
-0.0142259407006
-0.00657064305607
0.0517745881469
-0.00627119693778
-0.015074733524
0.00488527169011
0.0374792919286
-0.0134238900461
-0.0170599453367
-0.0325104915008
0.0098397356236
-0.0162853495265
0.0108034169933
-0.00696691106914
0.0495665839019
0.00420471161773
0.0394472241554
-0.00655150931758
0.00524982847131
-0.0226157629279
-0.0446372270467
-0.00928315379647
0.00472240166166
-0.00864579672193
-0.0265108027816
0.00679148950188
-0.0066306700785
-0.0188249939041
0.0311751277515
-0.0409680828811
-0.0185005771894
0.0269064295764
-0.0100523531909
0.0178679646495
-0.0110091054146
0.00719209360774
-0.00220448417737
-0.0190462603038
-0.013103719929
-0.0299319103028
0.0182329901661
0.0205442059279
0.00877495746831
0.0110227431958
0.00984098250764
-0.0229659547314
-0.0204409968203
-0.0145435112218
-0.0174877393183
-0.0135793339663
0.0223465180366
-0.028500238365
-0.0309211150331
0.0593767563746
0.00666207692568
-0.0131387598675
9.15119336322e-05
-0.0208867581683
-0.023009256948
0.0205616196571
0.00571272885628
-0.0223717962648
-0.0139989823155
-0.00392737400696
-0.011616052712
-0.012488204121
0.0257846644368
0.0066374223517
-0.0183344110047
-0.00379155444806
-0.0115349921447
-0.0224169307464
0.049910983562
-0.0254759807209
0.00677099987077
0.0324543130759
-0.0194126134861
-0.0344008717303
-0.0271248927151
0.0236126440953
-0.00505097593864
-0.0120503407973
-0.0190961547664
-0.0327965580074
-0.0061511395794
0.0299754444114
0.00242728845073
0.00352324588475
-0.001449194332
-0.00887853206074
-0.00811576700285
-0.0302333370092
-0.0330675716231
-0.0143435040212
0.001219671019
0.00286876827658
-0.0006078853682
-0.0322837227026
-0.0166961580571
-0.00553893296466
-0.0146321364304
0.0456732989821
0.00825490219617
-0.000575021071031
-0.00395532473716
0.0051408030604
0.0881323139026
0.00310685330094
0.00699103235709
-0.0162091436984
-0.0111610864186
-0.00695514022107
-0.00707944957701
-0.00647893647916
0.0040128183721
0.0118345699969
0.0194806495221
-0.00741165443442
-0.0261571119945
-0.0264550364038
-0.0171337564121
0.107547425084
-0.0196285520878
-0.000215625261501
0.00736441159633
0.00712915744335
0.0194354235959
-0.00608698368141
-0.0135395394468
-0.0309211150331
0.00126381574475
-0.0318902419229
-0.0161519757742
0.095020968332
0.109665649846
-0.00180184410612
-0.0244140213394
0.0081419953144
-0.0236029062884
0.0084146559318
-0.0303370083446
-0.0180684647453
0.0276271711826
0.0161998142318
-0.0106738639697
-0.0142660415191
0.017173516982
-0.0114831291916
0.0072696782218
0.018672640974
0.0275160070707
0.00188647418889
-0.00142401219482
0.0125160793679
-0.0111066434495
-0.00534823770213
-0.00367114499995
-0.00496524136863
-0.0234032107866
-0.0337642613968
0.0228609707521
-0.000373959820375
0.0541879177377
-0.029125360246
0.000961492024876
0.0268120160097
-0.00923036322894
0.0493153536335
-0.00252924778522
-0.0114820119239
-0.00468005668574
-0.0348124543558
-0.0240537471567
-0.0117888515336
0.0196396588908
-0.0196285520878
0.0178576162253
0.0192333454389
-0.0409680828811
-0.00524772831333
-0.00497289637816
-0.0269796566701
0.0163105880823
-0.0183213124909
0.000347768091099
-0.0158464245822
-0.000438072080366
-0.0282037700064
-0.0169315868105
0.00632758417125
0.00197616756094
-0.0431239669784
-0.0269519097066
0.00481994906122
-0.0402336597542
0.0128624670318
-0.0109277788022
0.00174550864476
-0.0279740419518
-0.0071519635876
0.0269249728928
-0.0342654118318
0.00191119198063
0.0230021302731
-0.0074825082029
0.0274125014189
-0.0233817565343
0.0292311328822
0.00328416456181
-0.0111015367787
-0.00443265878386
-0.0119626825177
0.0126281589966
-0.0233405069741
-0.0260825761319
0.000511335756274
-0.0034649553944
0.0229639979451
0.00720399953843
-0.0200347673973
0.0162797499606
-0.010896473088
0.0372770371554
-0.0102023536069
-0.0177862393188
0.1607258246
-0.0104196524911
0.0123695744849
0.00334589855657
-0.0211319630683
-0.00380634777022
-0.00940475670075
0.00709661241574
-0.033129094077
0.00806646516909
-0.0259290330944
-0.015219086669
-0.0169844818597
-0.0104430371507
-0.0250278532053
0.000511335756274
0.00295083378954
-0.00545668326475
-0.0138516970647
0.00026392374096
-0.0161519757742
-0.0160749176469
0.0231802972836
0.00327917075133
-0.0341753631229
-0.0196713636814
-0.0307576879169
0.00719209360774
0.0070206311654
0.0915878152041
0.000550575562149
0.0127629844761
-0.0306891001579
0.00956406117921
-0.024183605438
0.00524982847131
-0.0213998691047
-0.0260460427777
-0.0185005771894
0.00230093528895
-0.040967082259
-0.00254493590168
-0.0198607915408
-0.00817464622292
0.0275592056786
-0.015054843321
-0.00516237096769
-0.00595522106683
0.033901402965
0.0394443159528
-0.0308408696212
-0.0145435112218
-0.00314373230371
0.0438984699447
0.0948672215278
-0.0370490534734
0.00214759400236
-0.0118863895684
-0.00891559297815
0.0429028747192
0.00606555524665
-0.00164407317776
-0.00739816796694
-0.0128874074871
-0.0292048904572
0.00100711800236
-0.0301598321664
0.0317352423084
0.0122831783455
-0.0255982365475
-0.0406313371542
-0.0141045580506
-0.00213120505513
0.00408803012087
0.00729453109615
0.0176892711522
0.00472240166166
0.025836648359
-0.0354086565618
0.0150972154473
-0.036968658799
0.0110758891002
-0.0190462603038
-0.0133764491641
-0.0134332837053
-0.0156896159895
0.016700839374
-0.0583721383395
0.00586216152157
-0.0181495928539
0.0131816191662
-0.0284046950316
-0.000438072080366
-0.0413798407766
-0.00254963705485
0.0224261746833
0.0285818425231
-0.000481256574852
0.0193975692072
0.00116533598197
-0.0252861401316
0.00902579639891
-0.0173392397338
-0.00248642180837
0.0673174272789
0.00325024729105
-0.0117583207872
-0.000438072080366
0.074060638446
-0.021396699384
0.00500481667512
-0.000307426733554
-0.00366720031134
0.00751156846222
-0.00869489000556
-0.0342629397479
-0.00377309206886
-0.0254563248855
-0.00974957599186
0.0195580805501
-0.0271093789293
-0.00392713099218
-0.0202613921961
-0.0297211361234
-0.0131854933228
-0.0089421484349
-0.0226200911802
0.0229203938196
-0.00740478850623
-0.00238516480548
0.00101574195664
0.00390314875234
-0.00371750468146
-0.000419077814416
-0.0101858042744
-0.00842750606608
-0.00163124612687
0.00628907692662
-0.0190671413391
-0.0139989823155
0.0811609138875
-0.0190327586465
-0.0175637433956
-0.00110169141613
-0.0124982593497
-0.0303534944593
-0.0180684647453
-0.0165389046987
0.0305367472279
-0.0141506614106
-0.0174697260947
-0.00334110930749
0.0211008358182
-0.0176159890393
-0.0413798407766
-0.0289708710907
-0.0231284683466
-0.0088162303153
-0.00534823770213
-0.0152108408785
0.161199060372
-0.00466345824898
-0.0284050197675
0.0292311328822
-0.0262436356458
0.014904309619
-0.00781599708807
-0.00252704040014
-0.0336837186029
-0.0210200872063
-0.0251924714699
-0.00598385726975
0.0217127055994
-0.00630547608816
0.00651840147937
-0.0102023536069
0.0193244894617
0.0234886279349
-0.0132022138052
-0.00149994980716
-0.00267761201732
0.0306380870283
0.0529289060882
0.0429399812241
0.0311751277515
-0.0204275233899
-0.0198214939835
-0.0196713636814
-0.0110091054146
-0.0216076937513
0.0501282475217
0.0172921975702
0.0103072161925
-0.012310514493
0.00161276931137
0.137730599913
0.0195580805501
-0.000728420109052
0.0120108185607
0.00351729706355
0.0492070530098
0.104892312245
-0.00424663846345
0.13561073572
0.0112341789446
-0.00700295055334
0.0144330249104
-0.000481256574852
-0.00656664926313
-0.00616461300986
-0.015054843321
0.038892756666
0.00622944670832
-0.0111015367787
0.012716520313
0.0205616196571
0.0113244804582
-0.00244088619909
0.0226711452157
0.0915989516332
0.014904309619
-0.00103793556942
0.00462144542498
-0.00763306570664
-0.0172872688486
-0.00735912646144
0.000821930401289
-0.0142851795811
0.0260383079613
0.00185584760801
0.00844589065421
-0.00682240088768
-0.0177323184464
-0.0111894513136
-0.0148401244529
0.000581494262143
-0.00860064812692
-0.0166225954629
-0.0481617075114
-0.00577678908767
-0.00272264835662
-0.00688046474898
0.00283414682635
-0.0419097125198
0.0301995480218
0.0329899845997
-0.00719194229407
-0.00736626390103
-0.0096342591011
-0.00352887806749
0.0391905351264
-0.0315882570523
-0.00608698368141
-0.0271434226356
0.0489320270978
0.0131243161593
-0.0161519757742
-0.0210442066463
0.0144306281418
0.00149472314204
0.0626856044701
0.00402482898781
-0.0155554661928
-0.00260720503033
0.0012036622868
-0.0304243872074
0.0767206868053
-0.0126743955913
0.0723869367951
-0.0117653272644
0.00351729706355
-0.0159481907113
-0.0146321364304
-0.0143950422383
-0.023908369128
-0.0121360851572
-0.0369882121686
-0.0144385840855
-0.0178373905217
-0.00787503327826
-0.00649967898131
-0.0229310105611
0.0147215363505
-0.0166674782162
-0.0231284683466
-0.00540930560054
-0.0173479793944
-0.00982331405959
-0.0304356451439
-0.00502172814365
0.00751705762033
-0.00129416457644
0.00166899111773
-0.0169844818597
0.00101574195664
-0.00318928095001
0.0144657160418
-0.0114820119239
-0.00645557896996
0.021547080015
0.00328656478093
0.0213231605915
-0.0114135603903
0.0150972154473
0.0206050656697
-0.0245347107426
-0.019516275098
0.00289332795542
-0.00129028310559
-0.000210982936166
-0.0292963626664
-0.0161519757742
0.0831009226009
-0.00522210479461
-0.00651291804409
0.00900295666304
-0.0142316642264
-0.017565747887
0.0318060178727
0.00674431524558
-0.0361815497896
-0.00665198378186
-0.00595522106683
0.0145686724463
-0.0017433300128
-0.00111969484984
-0.0249877140118
0.00330399701344
-0.00251457630527
0.0184925153293
-0.0327288715855
-0.0197490562277
0.00269212723222
0.000967927300817
-0.0433004008055
0.0047293645008
0.00763204200112
0.00985333002325
0.0252497361371
-0.0244645969511
-0.0131478340538
0.00890816007074
0.0107285703712
-0.0230923220067
-0.0205598791595
0.000995675137326
-0.0341753631229
-0.00135521397149
0.00699103235709
-0.0169264365018
-0.0273196722758
-0.00752128473973
-0.00974957599186
-0.00569664094503
0.00676447077609
0.00160681034149
-0.00689441556191
0.00844589065421
0.00375754088287
-0.0144282171579
-0.00165268295222
-0.00629628525623
0.0239309950508
-0.045593514925
-0.00891407565911
-0.00423246977038
0.0168706220609
-0.00113124112011
-0.0336331308271
0.0687398354436
-0.0115952665718
0.00665103633112
-0.021396699384
0.00459403529501
-0.00345141874617
-0.0250557874479
0.0307287265182
-0.0263207078865
0.000665715836656
-0.0102048256908
-0.0632984979568
0.0164416248333
-0.0174818902964
-0.0506400496891
-0.0171551910846
0.0104071576273
-0.0632984979568
-0.0197623313578
0.000207944949376
-0.0127372009967
0.0152403032049
0.0861038543777
6.93387945794e-06
0.0566044190649
-0.0314706339646
0.170079527574
0.111561609871
-0.0293306539144
-0.00553893296466
-0.027454202544
-0.00317145845611
-0.024183605438
-0.00111351676849
-0.0162106434535
0.010660081831
-0.0162718489456
-0.0307740660994
-0.00764395473104
0.000209916620595
-0.0107810113247
0.109602128367
-0.00368775322659
-0.015843141463
-0.00418761092035
-0.00411826230692
0.00129066332061
-0.027497198528
-0.0247430716659
0.0191494791349
-0.00318928095001
-0.0304087473873
-0.0089002599288
-0.00830307466454
-0.00875074236162
-0.0111998312781
-0.0038333217816
0.00238928249188
-0.0153628720633
0.0125999020339
7.46650157579e-05
-0.0133553066107
-0.00240095220702
0.098642707683
0.0254679223114
-0.00783801821803
-0.0144749462898
-0.0426171833858
-0.0121360851572
-0.00313457301216
0.0500694413093
-0.0153287966796
-0.0061770182769
-0.013685517843
-0.00781599708807
-0.0116686721296
0.000751357730714
-0.0134238900461
0.00103166464417
0.0160847960028
-0.0192354373079
-0.0131556275964
-0.0214456030143
-0.0471187248318
-0.00523118330445
-0.00384637179568
-0.0127304953521
0.00424629368791
0.00446406563104
-0.00249673459041
-0.0191819655912
-0.00606413854558
-0.0261271806762
-0.0306634590753
0.0274125014189
-0.00772989306776
-0.000455255831758
0.010786481723
0.0516492433813
-0.0463783088869
0.0509048054166
-0.00317651926969
-0.027585658926
0.0162797499606
-0.000945072476677
0.00207702018899
0.00100411943159
0.0177202977844
-0.0354728133992
-0.00806634992273
-0.00315703026071
-0.00351699382092
-0.0225647468076
-0.0327288715855
-0.0134598652361
-0.0128967835824
0.0615670373443
-0.0143596206855
-0.0136449722588
-0.0227613052055
0.0304459420544
-0.0304087473873
-0.0167086994832
0.00806343290513
-0.0600032497273
-0.00944723383502
0.00541633695583
0.0328403853114
0.010431875419
-0.0314335098294
-0.00608698368141
-0.0102511853724
0.0200951123564
-0.0121868842704
-0.0254604854385
0.0204121292404
-0.033224501185
-0.00110169141613
0.00291493485429
-0.0196887959139
0.11331588167
0.016770507257
0.044304433526
-0.0223717962648
-0.000851942399462
0.000872248884845
-0.0104430371507
-0.0284046950316
0.056789187035
-0.00146945398535
-0.017691889508
-0.0248613467366
0.0126583670229
0.0950834989787
-0.0138734118957
-0.0126586212268
-0.0115705040657
0.0151278584494
-0.0142316642264
0.0155536860227
-0.00725198781986
0.00530685584657
-0.0200112431282
-0.0325566586167
0.0539907477477
-0.00566858228267
-0.00857033216851
0.0886778293176
-0.00452878743184
-0.0206374005558
-0.0184676779013
-0.0273321363707
-0.00824408318876
-0.00608187701063
0.00824254603346
0.00193378863534
-0.019754901799
-0.0322886582234
-0.010765899606
-0.0170125405221
-0.00252704040014
-0.00410711723072
-0.0172079184344
-0.0113811374083
0.0341639179856
-0.00765601877463
-0.00368775322659
-0.0093437073057
0.0466210315902
0.0301995480218
-0.0118136325431
-0.000383673825584
0.00399644997948
0.0105589729477
-0.0158418356847
-0.00458044661818
0.00214205466352
0.0207044283326
-0.0145488565838
0.0253885412962
-0.0205879343714
-0.0234414827905
0.00874534887012
-0.0121891765573
-0.0212220891084
0.0109495665394
0.0306380870283
0.013507407251
-0.00662834286702
-0.021553767479
0.0217431284136
-0.0146321364304
-0.0221157384077
0.00554907628923
-0.023181330779
-0.0250684085793
0.0171080455158
-0.0114387053838
-0.0359479359407
0.0326766791131
-0.00718976232921
0.00102524787159
-0.00726081784859
-0.0265892347666
-0.00895763939378
0.00785606828038
0.00962894733071
-0.0221540647126
-0.00366695729656
0.0125160793679
0.0112398403291
-0.039220110133
-0.0100836054773
-0.0087346071939
-0.0108480098998
0.00330399701344
0.000665715836656
-0.00805286237883
-0.0154718397228
0.0115667990432
-0.0172819638775
-0.00233908312965
-0.011630886425
0.0286288550606
-0.012436773836
-0.0359089882539
-0.012923090558
0.0114724492323
-4.08579494579e-05
0.00645524743483
-0.00955862447415
-0.0101858042744
-0.0137061197962
-0.00352162743278
0.0175324625595
-0.00540930560054
0.0210294249619
0.010105379974
-0.0204153820151
-0.0159712243576
-0.00757812685163
-0.0196063695978
0.0126935727113
-0.0216768440644
0.00962894733071
0.00784905201336
0.0293979421329
-0.020561262269
-0.0368131069466
-0.0124566640391
0.0120108185607
-0.0265436670787
-0.0222481354413
0.0159544699256
0.000821930401289
-0.0340672783635
-0.0127304953521
0.0307075066336
-0.0242794725678
0.0151800287778
-0.0282037700064
-0.00271575852512
-0.0135884081526
-0.0104196524911
-0.0175595873696
-0.00250065062698
0.00306082612939
-0.0120041436187
0.0179222364688
0.0300299058839
0.011308914184
0.0172921975702
0.0110880201469
0.0090620921383
-0.000869166541711
-0.0179379718417
-0.0106112753681
0.0172921975702
0.0127180910599
-0.0152320053858
-0.00333646698216
-0.0190961547664
0.0199352910795
-0.0277609483349
0.0207044283326
0.22086280376
-0.0145448573909
-2.91633561692e-05
0.00562607119872
-0.0146131432409
-0.00446331596571
-0.00656523122916
0.0307075066336
0.00534920762171
0.0248291111355
-0.00396661820277
0.00395683525697
-0.00858103700596
-0.00990532182112
-0.00149482030948
0.00229204096606
0.00267270029821
0.0566044190649
0.0179851628433
-0.0133227179451
0.0361676247943
0.00556486369076
0.0219874503471
0.0279531312904
0.0195580805501
0.0665581425642
-0.00826729777489
-0.00234198788169
-0.0201917557871
-0.00838308772457
-0.012996253101
-0.0314706339646
-0.00512994798568
0.00161276931137
-0.0287758801926
0.00677901129358
0.17289156126
-0.00875074236162
-0.0146923716095
0.00972827737678
-0.0401914563021
-0.01097131971
-0.00754795251858
-0.0392621196083
-0.00453095328328
0.0130943707276
0.0172921975702
0.0200951123564
-0.0146735299901
-0.0106112753681
-0.00422124931241
0.00825490219617
0.026826958193
0.0410488849209
0.0144306281418
-0.0155696654868
0.00699150109246
0.00631247569969
-0.0172944911901
-0.0125365048728
-0.000215625261501
0.22086280376
-0.0439992073264
0.0254764743344
-0.0104049408237
0.00824145273539
-0.00730313355642
0.0303349164757
-0.0227532937826
0.0132668218494
-0.0226474380924
0.000721889143272
-0.00103793556942
-0.00689154141085
0.0153730916426
0.0277183827467
0.011828449667
-0.0241237540924
0.00529739032247
-0.0236029062884
0.014852866297
0.0421264966214
0.0258583009117
-0.00660825868714
0.0562055023516
0.000713351771861
-0.0202161944968
-0.000817930233553
-0.00469600220018
0.237929776795
0.0282400448331
-0.0103672815546
0.0170244713309
0.0345866326502
0.107102141118
0.00962894733071
0.0881323139026
-0.00301511427519
0.0254764743344
-0.0388251882891
0.000823074819503
-0.00697955178027
0.0160397106256
-0.0116895084505
-0.0328634976882
-0.00113124112011
-0.015843141463
-0.0126756338283
0.00427630666092
-0.0268577486097
-0.0244645969511
-0.00631820170117
-0.00803896607019
-0.0161628200842
0.00289332795542
0.0279697253372
0.0026577009016
-0.0322886582234
-0.00146945398535
0.0121803844438
0.0114886476178
-0.00290304443631
-0.0103064610609
-0.0254563248855
-0.00989855842514
-0.00523118330445
-0.022621369808
0.0234064359864
0.0374792919286
-0.00948622278566
-0.0211000229351
-0.026938476667
-0.0127738116821
0.0131937629151
-0.0148815345002
-0.00103128989549
=======
-0.22652398141233474
0.05778853264716076
-0.022013724661341813
-0.013958936046519606
-0.022963057071136682
-0.0020483986581294055
0.011411549383730209
-0.007013053548736642
0.00861047120365604
0.017077578522820255
0.0025547896466175703
0.03337624087439177
0.021323700655706296
0.019164164606048733
0.011111055839160791
-0.011156533319322233
0.011914017945811949
0.0001596840738365396
-0.03073851717966748
-0.008974782506897544
-0.01662975303552956
0.017020103020392346
-0.007890504663046775
-0.01824748623489906
-0.002031051590135906
-0.0077866542687924
0.0023289222445602733
0.007600642020863398
-0.0019041430062475993
0.020142642872860998
0.015288216706566693
0.037127773613146835
0.003614921528221264
-0.003267174781829157
0.036592826724012
-0.006066662824101789
0.012473711068999296
0.008133444334776243
0.012916601900590855
-0.007071979202708468
0.0032746686066173493
-0.02058046310458519
-0.012280103248860355
-0.0020484879580387277
0.008876845103905925
0.011125747360036178
0.016295117662870347
0.00035085399538582935
-0.028350418942025522
0.045597386296128285
0.016471435457602636
0.011150646003545936
0.005204940628589735
-0.05108043530190877
0.009379575922717851
0.008588991621391153
-0.013165387624415915
0.013423600142370993
-0.004348284988301119
-0.022397141854412814
-0.004989255180536879
0.0021766977145949956
0.03546838829561033
-0.017806171784520153
-0.018418497787358507
0.032305075944047364
0.050800308049272665
-0.027945564031305596
0.014530815506291522
-0.00795558595648617
0.0400837743707412
-0.026798011381841767
0.028683967638677883
-0.005690769908393912
-0.013140920040062258
0.011753616579421427
-0.03539843880054074
-0.002622622286027152
0.0073047924450051925
0.01529158722472644
0.022303727678247884
-0.010931862008563003
0.015828085023426645
0.002198652857011724
0.014418509143369297
0.006359120733501433
-0.05139669842546727
0.006167014341004467
0.015111677411928412
-0.004810716642014166
-0.037417357533311
0.013426509267191168
0.01709242134536116
0.03236596120344403
-0.009751478439935209
0.016292498010040277
-0.010799409997668452
0.006875974951499798
-0.049714185827848124
-0.004406300278793441
-0.03970097525325343
0.006525007269313571
-0.005254596231810069
0.022640446839370693
0.04467079753198045
0.009325569542635106
-0.004516888673337012
0.008670071071845321
0.02644380707903404
-0.007044934865612111
0.006780277922582255
0.01882475288515522
-0.03122997705686401
0.040976949854903424
0.01843456186982739
-0.026798011381841767
0.009924180842146513
-0.017892623931316128
0.011220123175778689
-0.007294448788452852
0.0021151289367047172
0.01889663043646842
0.012884355978628248
0.02999854688382371
-0.01819515699405042
-0.020384610683656875
-0.00883476697983083
-0.011065244109853923
-0.009802402030235663
0.02282215898560015
0.020553041210587198
0.014613692837864345
0.017510371258603635
0.013828359782853652
-0.022464526738680254
0.028501647732299903
0.031062785172230642
-0.059385704234479475
-0.006827972402362584
0.013153782108879469
-5.8686266117557366e-05
0.021083524248844576
0.02307389962255926
-0.02078668047306896
-0.005545307742573331
0.022393111795704402
0.014027365191804772
0.004131699577651189
0.01153607175535033
0.012543036939566534
-0.025969771449558022
-0.006705804092894203
0.018333424172483924
0.0038866561841570902
0.011601931837520571
0.022317799498318892
-0.04976690800740846
0.025455560237086602
-0.006624214706015325
-0.032285478101097366
0.01950443543863648
0.03457337569152044
0.02696495857164031
-0.023684432499609123
0.005251039096873739
0.012053745518903723
0.019348330936630485
0.03253874898186676
0.0062048200829420315
-0.030089583044204768
-0.0023778792697076445
-0.003610796703577676
0.0015831173521786044
0.008646950880455233
0.00846551403940362
0.030123870890015024
0.03320464321693918
0.01435385112282507
-0.0011769264822944557
-0.0028582037498065204
0.0007549883749595298
0.032254503202245155
0.01662519783811277
0.005408891418898071
0.01466722039616744
-0.04554499009435412
-0.008306535727688549
0.0006235191519413573
0.00406117761578588
-0.005250310897858042
-0.08803216804944507
-0.0030919268487262083
-0.006968589719249893
0.016184700707132484
0.011305919019341013
0.0070357237588281945
0.007356349492698972
0.006361889461840599
-0.0038685025224230447
-0.011823610187021686
-0.01934956234303966
0.007359807792752863
0.025926673103545034
0.02659669540057605
0.017090848708320058
-0.1075348703404548
0.01978350988468206
4.903812984958848e-05
-0.007432887226165688
-0.007363386172621193
-0.019245424702951562
0.006101581901148947
0.013542314604098275
0.031062785172230642
-0.0013362987438798133
0.03206947656928417
0.01620910031940203
-0.09501532588827051
-0.10987345486505973
0.001772314619855369
0.024271890997895586
-0.008287576783844942
0.023517119164949973
-0.00845453915161436
0.03034884632212037
0.018054845013507057
-0.027785877225733373
-0.016121236044873363
0.010922601948470594
0.0141622698690365
-0.017300307632281887
0.011648193548125959
-0.007174453387831001
-0.01870775469426506
-0.027555243369467644
-0.0018828206959761629
0.001226646999810295
-0.012451508222575253
0.011070931857039145
0.00567491495319346
0.0038291784555727817
0.005044282975796964
0.02322538674586591
0.033538251890476024
-0.023143453974519067
0.00029766008273839474
-0.05419468139255956
0.028980708149016612
-0.0010355015605079893
-0.026522007508458754
0.009102044262073677
-0.049390470851323386
0.002600555177387148
0.01168406101246386
0.0045037142649310205
0.03491554371755348
0.024280756697894337
0.01196434349046339
-0.01969017015523123
0.01978350988468206
-0.017656974495452664
-0.01927550216838042
0.040976949854903424
0.005137646079703003
0.0049405338221077955
0.026861859750856844
-0.016349245313452495
0.018187901040378592
-0.00023995541253500117
0.01592416193203538
0.0005685038041937021
0.028227955697095623
0.01694147623627533
-0.006445653804196003
-0.0021430329864305323
0.043005456419727
0.026767394635205034
-0.0048517025438359175
0.040034516461562704
-0.012657329318399139
0.01085975597585726
-0.0018012873405255094
0.027861217328128563
0.007143818730210439
-0.02663390319884333
0.034236643071726594
-0.0019031041869429863
-0.02302713989187223
0.00739778274733974
-0.027436426149160007
0.023208611616053292
-0.029139880058994812
-0.003284118088819671
0.010959029338013118
0.004437225094787059
0.011994592394697964
-0.012520749245545963
0.023514163312977673
0.026186570850012542
-0.00039671024744670954
0.003437722186177791
-0.0227854169554376
-0.007146544378935837
0.020097941858640844
-0.01627821612386262
0.010747319639094758
-0.03749117010059606
0.010076759072014475
0.017769556670409255
-0.1605200043010294
0.010464906825005916
-0.012418786032319544
-0.003399238306324821
0.02116616884799677
0.0038803029260952833
0.009568716040601768
-0.007013053548736642
0.03316137770490688
-0.00816400656799991
0.025866176330547257
0.015179970433518972
0.01708253210066184
0.01025486503336592
0.02520053351934092
-0.00039671024744670954
-0.0031009132182891184
0.005396889749093256
0.0135825398267851
-0.0001895536993151564
0.01620910031940203
0.016160811031287654
-0.02337538890681959
-0.0030290719206209765
0.03417592702497922
0.019712556863660635
0.030842928078303394
-0.007294448788452852
-0.006801722621717739
-0.09156383397977341
-0.000569705358963149
-0.012892670180603697
0.030719773236787047
-0.009646734557713733
0.02407508612327432
-0.005254596231810069
0.021316512167262026
0.02609105497440021
0.01843456186982739
-0.002225920740644084
0.040776187321657845
0.0025498420391039315
0.020022988196014523
0.008242884472965655
-0.02778169465036167
0.015038988511544508
0.005195433899961373
0.00601023068992448
-0.033707975318715125
-0.03949797064839223
0.030647183350811947
0.014613692837864345
0.0032321382750873195
-0.04393848533616317
-0.09485991844632234
0.03711054680449414
-0.002031051590135906
0.011815152171723837
0.00897676879896749
-0.04279981255351038
-0.005690769908393912
0.001777361867025843
0.007609979536842421
0.013141643786765174
0.029177149936565873
-0.0011751241488630157
0.03016849947983829
-0.031557548534341055
-0.012368470202167609
0.025326652409313883
0.04041789179001776
0.013964022003884252
0.0018734702281826454
-0.00410317736689445
-0.007206581276609209
-0.017712659605105017
-0.004516888673337012
-0.02579468675877642
0.0357612641085124
-0.01493091094428955
0.037127773613146835
-0.01108927314670837
0.01889663043646842
0.013459827276939514
0.01351362368754876
0.015890771497890144
-0.016840643188892872
0.05778853264716076
-0.005846755258850868
0.017994907130242484
-0.013152832409957767
0.028724724042721427
0.0005685038041937021
0.04094779094943838
0.0027012062666900015
-0.02245719888922639
-0.02824319246950683
0.0006542877071001322
-0.01935076336919425
-0.0010750356934649298
0.02547505481459973
-0.008753270637032807
0.01740376407666597
0.00260583572241521
-0.06727742016807242
-0.0034892182432739853
0.011753616579421427
0.0005685038041937021
-0.07410690047398424
0.021305432801592573
-0.0050818629668004335
0.00044128512863132605
0.003916389664182772
-0.0077866542687924
0.008648214943837423
0.03408849057229169
0.003928962789624746
0.02531219807317191
0.009722643889589674
-0.01955458855508191
0.027337443956535822
0.0039867588063674545
0.020056936329207985
0.029804436795129535
0.013224676872316272
0.009180393104633092
0.022635074143028882
-0.022598427383103574
0.0075059337501502035
0.002555950951419402
-0.0007752369827969183
-0.0038665451431545775
0.0038510950673217126
0.00026870134935415925
0.010046361092270804
0.008807120324299034
0.0010659198569182796
-0.006337706390307696
0.01913722150951758
0.014027365191804772
-0.08129960704353739
0.018603548070934242
0.017492643192554332
0.0011226512742183695
0.012473711068999296
0.030481129120365633
0.018054845013507057
0.0163213412637267
-0.030602775045896896
0.014177912099992201
0.01734561061584903
0.0030506965820723654
-0.02102777321373812
0.017635978766457124
0.04094779094943838
0.028727392648860005
0.022912896466348174
0.00868069994935969
0.00567491495319346
0.015151302362809822
-0.16130828460130464
0.004715868481676513
0.028430913985028086
-0.029139880058994812
0.02617580602832995
-0.014856856739958261
0.007874118526489622
0.0025510381304019955
0.03380555365496586
0.020931940747508905
0.025207739918769
0.005956796175702233
-0.021686332111013576
0.006090058017652364
-0.006453394021360567
0.010076759072014475
-0.019421650971618135
-0.023668782072169086
0.01328628640703072
0.0016055834664914146
0.002770312863507641
-0.03061649571955178
-0.05289864378869012
-0.04325685289175654
-0.03122997705686401
0.020541293601028212
0.019876931246172708
0.019712556863660635
0.011220123175778689
0.02187354265463871
-0.04995293492900628
-0.01719978214739976
-0.010322377158460733
0.01226905543237214
-0.0016827013346233826
-0.13792286058855607
-0.01955458855508191
0.0007914501407749119
-0.01173417003813693
-0.0037254581371376602
-0.04912786040794496
-0.10495088204398383
0.004282765654219066
-0.13589623523443253
-0.011102913907623248
0.006943576883360446
-0.014310066971027196
0.0006542877071001322
0.006688884138600585
0.0062165676925010115
0.015038988511544508
-0.03894734348017765
-0.006246813863722658
0.010959029338013118
-0.012953222985029692
-0.02078668047306896
-0.011341431086234699
0.002243076339897671
-0.022610516751909372
-0.09143927348770886
-0.014856856739958261
0.0010548980406922045
-0.0045850065119503215
0.007476390102457779
0.01731692941379901
0.007346944004635811
-0.0008954359723409694
0.014104190350631604
-0.026065990355556116
-0.0019701772359236973
-0.008345487499823886
0.006917137752926063
0.01784381820783426
0.011411549383730209
0.014932089631460328
-0.0003847373938101826
0.008604715991243253
0.01669676458961066
0.04814548921727751
0.005638341124521606
0.0025947645532300957
0.006665624586200887
-0.002872736963217079
0.0419549029830073
-0.0301429772118262
-0.03264926699864342
0.00719915611028806
0.007552098672503171
0.009636401302043815
0.003428879957267442
-0.039170074287180806
0.03161553670620662
0.006101581901148947
0.026928574165078375
-0.04912859558844719
-0.013165387624415915
0.01620910031940203
0.021006779710898975
-0.01449120947755253
-0.001748038504241644
-0.06262437742651308
-0.004148474200607258
0.015503077649895185
0.0027122916026873873
-0.0011189111918021345
0.030552743655941073
-0.07677157973451046
0.012728707935105287
-0.07246348943215075
0.011544388363008551
-0.0037254581371376602
0.01595987435053623
0.01466722039616744
0.014601399469913005
0.023734681900004908
0.012293362000560821
0.037063092746762234
0.014197174682638208
0.017719700715581734
0.008127373542905198
0.006375070347431064
0.02283998981022982
-0.014752259224545764
0.016846237891997233
0.022912896466348174
0.005328322940340007
0.01746034609112681
0.009790095710469843
0.03050065354951843
0.005110602933291634
-0.007577808568450471
0.0013574191627706215
-0.0017253807416625078
0.01708253210066184
-0.0007752369827969183
0.003332978303956329
-0.01470083708554882
0.01168406101246386
0.0064506792778196145
-0.02155757710292149
-0.003318541371941612
-0.02127347513662227
0.011389996894524693
-0.01493091094428955
-0.020680539136783634
0.024385917882683007
0.01911121010429113
-0.0025853563321540122
0.001342745552879052
0.0002733224722250462
0.029245054471757518
0.01620910031940203
-0.0829471543438138
0.005311615782611502
0.0064574912205208595
-0.009043502135331439
0.014138990179496576
0.01759938854481661
-0.03166449970168192
-0.006677185402129474
0.03638969102694588
0.006860155311410433
0.00601023068992448
-0.014631657581790539
0.001828308303166643
0.0012545515563926507
0.02503908617263284
-0.0033837451508781885
0.0023703266830327674
-0.018304987844795135
0.032698874334938184
0.019725657836511118
-0.0027251862536027543
-0.0007595768408574053
0.043087895203800616
-0.004475265996586348
-0.007634488406635123
-0.00963440306931799
-0.025596131837980405
0.024632871928293467
0.012949414426227289
-0.008886953115498305
-0.010398099270070361
0.023114784892651296
0.020578041094662162
-0.0007462831842692276
0.03417592702497922
0.0013476931603926864
-0.006968589719249893
0.01699717925691151
0.027241720747829754
0.0076371777290908304
0.009722643889589674
0.005430734088234963
-0.006907710430181171
-0.0016303068303907676
0.006751639703512805
-0.008345487499823886
-0.004009296130079403
0.014298391257250253
0.0018221477288425348
0.006531055697888014
-0.023706378962997772
0.045630553004211115
0.00897715131503847
0.004221070236436694
-0.016932813945672386
0.0011983363731753668
0.03359873330597652
-0.06869900105188276
0.011690496409422052
-0.006654449443437635
0.021305432801592573
-0.004627911163067011
0.0035278593951203765
0.025176365121476862
-0.03080962899069749
0.026364762694431925
-0.0006996830483652041
0.010224911571449394
0.06312483801961119
-0.01629633490246724
0.01730056068136914
0.05050966896290632
0.01704190311697205
-0.010498169814484617
0.06312483801961119
0.019827445866760277
-0.0002918150635597513
0.012755733170532827
-0.015285146386055158
-0.08606752503160744
-0.00012599052950375882
-0.056713231278847
0.031997645334899724
-0.17010241986570998
-0.11157389195663749
0.029599277972867242
0.005408891418898071
0.027599178822930993
0.0032651499373331427
0.02407508612327432
0.0012307440194442069
0.015828085023426645
-0.01077776717308219
0.016402002376142245
0.03084211450307629
0.00768442222757262
-8.44135444338013e-05
0.010616372293157187
-0.10973502836800278
0.0036498845994076133
0.015854932849720525
0.0042451246726180475
0.004360927783368731
-0.001442311624339999
0.027807863507107938
0.024807524041903797
-0.01934640067598879
0.003332978303956329
0.03023460613391129
0.00890298059553793
0.008212730838968323
0.008749723216595963
0.011048413455469634
0.0037825461695522983
-0.002517727102140206
0.015397132741519111
-0.012548215254629116
-0.00020084636840624246
0.013411161443082116
0.0024227201517939647
-0.09876185873225524
-0.025541552001701627
0.007849783142132657
0.014261479003279785
0.04236344740818663
0.012293362000560821
0.0030743505911989223
-0.050106540037523
0.01530910198735408
0.006021630569908723
0.013743321483090211
0.007874118526489622
0.011728385480940993
-0.0007312564997229894
0.013426509267191168
-0.0011641960848590514
-0.01626502210693127
0.019324088596354403
0.013073075459996787
0.02158923112908939
0.04690538926529113
0.00521505511736659
0.0037865744580945133
0.012497623590684492
-0.0041303113312302926
-0.004484919574567377
0.002370973172460998
0.01919128288555715
0.005881419650404148
0.02606397745171598
0.030537509772060684
-0.027436426149160007
0.007726191271132245
0.000563713468673494
-0.01087419444764544
-0.051768875236703864
0.04611102726796033
-0.05102294188849705
0.003324824938619473
0.0276474740813733
-0.01627821612386262
0.0007836063845683887
-0.0020496257917521467
-0.0011952563381643316
-0.01766078801342441
0.035171403112195083
0.008088081046994473
0.003104867312268262
0.003530479047950458
0.02270214719200962
0.032698874334938184
0.013193409285917264
0.01287252503948788
-0.06150321121000359
0.014544962786789737
0.01372909461718216
0.022786601612936327
-0.03030348356295346
0.03023460613391129
0.01684469184496803
-0.007977750658153012
0.059694142800133417
0.009173372310823
-0.005418157039095081
-0.032934760448678546
-0.010518453305451434
0.03176971223488905
0.006101581901148947
0.010246828183198334
-0.02002745075957382
0.012148222575211417
0.02549117961150662
-0.02051217111846603
0.03310921067090821
0.0011226512742183695
-0.00297020902741291
0.019777760642597224
-0.11333909476219631
-0.016505976677275803
-0.04447770290989404
0.022393111795704402
0.0007791866244632874
-0.0009708087534675216
0.01025486503336592
0.028724724042721427
-0.056891713785941496
0.0015969773868430893
0.017592961344342746
0.024746460265581686
-0.012734773767807009
-0.0949858502126622
0.014100488895516326
0.012600019381082175
0.011435231726481317
-0.015382541246211105
0.014138990179496576
-0.015422600517876443
0.00728344728889339
-0.005293298878556102
0.019677986731185974
0.0326792598468685
-0.05391635629382849
0.005368159676627918
0.008257595095509862
-0.08867859085076261
0.004421512665590839
0.02055993051254187
0.01868631222128598
0.027422432195198982
0.008194457014526653
0.005989679382122926
-0.008258920653791675
-0.0020532723232309772
0.01971990262409832
0.032335194166300416
0.010733830179845368
0.017145106512268877
0.0025510381304019955
0.004269874240618715
0.01736731321603507
0.01131342802210008
-0.03416740035121434
0.007829648726674944
0.0036498845994076133
0.00957844204297973
-0.04672780125732235
-0.0301429772118262
0.01188274216292863
0.0005684978338657586
-0.003902176458230462
-0.010477807446249208
0.016013701095328934
0.004540238032502585
-0.0020798627553308673
-0.02097660798639144
0.014762729110766832
-0.025497621989951355
0.020425049716621912
0.023511766195525
-0.00896877371678266
0.012049549484861009
0.02126566745423016
-0.011031628431631154
-0.03061649571955178
-0.013095349419186764
0.0066768301815390615
0.0214374104430203
-0.021763962648583164
0.01466722039616744
0.02212180222859676
-0.0055367430449972084
0.023250150963222596
0.025247620745829282
-0.017322977335516913
0.011324513358097485
0.03590047203067997
-0.03255059542630815
0.006953392185647732
-0.0011032547940341567
0.007116892509191685
0.026540543686263768
0.009036966712805811
-0.007649100014770531
-0.009416700973253443
0.022165677726933966
0.0037714488928990314
-0.012451508222575253
-0.01132786649388826
0.03910673160611683
0.01017136235799093
0.008895477563106796
0.010626180434431528
-0.0033837451508781885
-0.0006996830483652041
0.007935666059447894
0.015428356237145778
-0.01168511126556783
0.017295067315463146
0.0022957555364774332
0.011656892671855162
-0.028478395161386755
0.01242858496595095
0.035629865493958114
0.013006155230696695
-0.011508515939501312
0.00011872860550400461
-0.0065466511050584165
0.00959530050237372
0.010046361092270804
0.013819604627696245
0.0036759210766308306
-0.017679269170959792
0.005328322940340007
-0.021063769133901147
-0.010094808663537203
0.020357284542439884
0.01605713582001053
0.007504001442878484
0.019809494074648566
-0.01252501770398558
0.021847779964578193
-0.009416700973253443
-0.007825467870603101
-0.02942144347588891
0.02045805540853979
0.036592826724012
0.01250127386633484
-0.01173417003813693
0.026575276302052198
0.022177965124557362
-0.01591894003050251
-0.0008954359723409694
0.03417950932854547
0.012497623590684492
-0.03072218059735406
0.024251298933269848
-0.015196581814153677
0.028227955697095623
0.0025673627720595267
0.01362399210020147
0.010464906825005916
0.01793181417550305
0.002453572036534106
-0.0030995729863384875
0.011847426427311004
-0.01809639953864722
-0.029987704196031136
-0.011155562472101706
-0.01719978214739976
-0.011039128478898305
-0.009214239490404818
0.0009015704635097179
0.017785358399514797
0.010468670281877358
-0.01719978214739976
-0.012818095289876813
0.015078667975838995
0.0032749809244478232
0.019348330936630485
-0.01987352513674232
0.027887032305445765
-0.02097660798639144
-0.22094958324195985
0.014582098766822593
-8.532675931771702e-05
-0.00568691715161316
0.014770004672964045
0.004444182368825837
0.006606748993329355
-0.03072218059735406
-0.0055043115174166065
-0.024784551228481264
0.0038271613007045432
-0.003862956869260377
0.008696335019302469
0.010059743340627057
0.0017227399405336213
-0.002091773607211218
-0.0025860974829841963
-0.056713231278847
-0.017994601793898564
0.013228434358859776
-0.035909639046691554
-0.005403512245371786
-0.022397141854412814
-0.027651847017693118
-0.01955458855508191
-0.0666725852570093
0.008355790399552044
0.002283194351691358
0.020378157882571385
0.008408493477443577
0.012899103530931884
0.031997645334899724
0.005118865027536777
-0.0016827013346233826
0.02880259024700929
-0.006723556040255286
-0.17296070198720578
0.008749723216595963
0.014445857119268058
-0.009908968455349153
0.0400837743707412
0.01114863036669284
0.007496365019765676
0.03925532113503578
0.0045266092122435795
-0.013162024594599262
-0.01719978214739976
-0.02002745075957382
0.014514132229874778
0.010468670281877358
0.004386062093596781
-0.008306535727688549
-0.026977218164254014
-0.04093803714205074
-0.01449120947755253
0.015659086881663887
-0.006827243192188289
-0.006268331976655315
0.01737389394433083
0.012263238218203189
4.903812984958848e-05
-0.22094958324195985
0.04376915262047937
-0.025613276025192974
0.010617849659961027
-0.007882975450827103
0.007308537990892825
-0.030300259894146423
0.02268726027869636
-0.013017479470727353
0.02269405431041378
-0.0006008676118412153
0.0010548980406922045
0.006858514702285225
-0.015161180195468124
-0.02793794822787675
-0.011772864488398618
0.024303293010447664
-0.005092455241885545
0.023517119164949973
-0.015004324119991244
-0.041976631183804944
-0.025721421467898853
0.00680198871925263
-0.056091959663269915
-0.0008711043321555507
0.020234133445095084
0.0005892710517966866
0.004663614373924905
-0.2381604241123095
-0.028350418942025522
0.010342587213872032
-0.01729626441791982
-0.03486254127364598
-0.10707865480995035
-0.009416700973253443
-0.08803216804944507
0.0029826059587190062
-0.025613276025192974
0.038558283317076704
-0.00073831653234213
0.007012951297012856
-0.01609778220782761
0.011733995362016235
0.03275824895904993
0.0011983363731753668
0.015854932849720525
0.012564017490591188
-0.004139596559952637
0.026978244031744158
0.024632871928293467
0.006078844225829831
0.008117492494690228
0.016182151252542937
-0.0025853563321540122
-0.027917226189410727
-0.002359118354681631
0.032335194166300416
0.0015969773868430893
-0.012253247226082124
-0.011260876774488903
0.0029462252963286108
0.010356586609546125
0.02531219807317191
0.009828571922453327
0.00521505511736659
0.02259755787308145
-0.02362984224068962
-0.037417357533311
0.009463394249871498
0.02108892082649815
0.02688282120021269
0.012890031605631198
-0.013149820526557224
0.014732647901166402
0.0009896833565711527
>>>>>>> 0ed41af1b88d63e3396c035fd973eeeb399141b1
