2.31901628121,1.44008917596,5.25213535163,2.78871407838,1.10948254035
0.691733836913,1.35712857657,3.4637409341,0.725548503835,1.9882451245
1.5354706008,0.816705047848,3.11210814401,0.758203102562,2.04594006729
1.24699551498,1.07364400635,3.01657631271,0.278053876872,2.1309681307
1.96890773141,0.689199544942,3.88063852884,1.71369878657,1.71162616767
0.318543506765,0.99123502476,4.16448375629,1.33544128823,1.18716013154
0.573871803615,1.69977200916,3.85917365138,1.23168799262,2.00751995857
0.651430236388,0.804150532554,4.33632866807,1.52528763814,0.875890726714
0.543520348415,1.66479283787,4.66540413981,1.88361248956,1.36158814275
0.331205374633,1.29030473754,3.82147402585,1.04376354104,1.69643851423
0.821455399461,1.26339569198,4.81252319388,1.98591668817,0.674291934265
0.318346678231,1.54753210901,4.41425447992,1.6405853717,1.45246514781
1.1859544399,1.08066341562,4.89429026161,2.11622868419,0.258761684032
0.380100622684,1.09618759883,4.36863330973,1.53978881762,1.05451949137
0.671848561741,0.618866908791,4.0438378496,1.24618379143,1.12181963429
1.38398577727,1.70151907366,5.39286536081,2.57014913649,0.593582040482
0.477551292065,1.39643507602,3.70589814491,0.970113755748,1.8573447116
1.72510746458,1.90167234232,2.43262448272,0.552943895984,2.88553241997
0.609298910882,1.47413564421,3.59720155411,0.903835832225,1.9870976696
1.66417656019,1.26389572576,2.68767645579,0.46651109693,2.43886286245
0.39989085494,1.56835441849,3.94597404812,1.24673997479,1.83329311846
1.426922618,2.05623395885,2.94654532531,0.877700451678,2.78434327042
0.742041625654,0.954497213109,3.4798139334,0.651049894615,1.74977814289
0.620979663718,0.820837287658,3.69091263189,0.866649260991,1.52536357579
1.46344420091,1.64694324714,2.68240369853,0.307628586035,2.60674907901
0.515476187209,1.36911432448,3.65411734611,0.911907981732,1.87216888978
0.182987114187,1.44948483577,4.12032641217,1.35883341348,1.59883694364
0.870882604212,0.706082880279,3.52267465967,0.737617408552,1.62888409638
0.899664931218,1.16853316361,4.80509137791,1.98706657244,0.551493438175
1.24722305459,0.454568747457,4.37045387182,1.70708745709,0.810169921573
1.37900452802,1.28970448119,5.12887548635,2.35218097743,0.0899095681843
0.189887219239,1.46396599626,4.14238427433,1.38220710967,1.5946109745
1.0243244414,1.11533348768,3.16630392959,0.337381659019,2.04311122499
1.57083891695,0.980397999104,4.90825320552,2.24170557828,0.448278262269
1.32204626096,1.60352336848,5.30572605558,2.48568953477,0.514591067575
1.23057990078,1.24272201046,5.03281429896,2.24008669442,0.226458154771
0.583711759665,1.77214563204,4.65253562062,1.89835450491,1.50190884546
0.317584651914,1.5947204812,4.18226747515,1.45538245152,1.68695839524
0.383085682619,1.48964336228,4.52522759215,1.72653357373,1.28933631113
0.315196625993,1.08025163232,4.2892688963,1.46095192351,1.12629461263
0.369592625508,1.50118113483,4.50813428177,1.7133648578,1.31821941391
1.62163399744,1.77533134179,2.52631401483,0.426271320519,2.76144555585
0.393035342161,0.91224800702,3.93725142826,1.10818293653,1.35463467248
0.178587914595,1.41501077893,4.06608561874,1.30134059551,1.6107843184
0.304390449596,1.51010931839,4.01066281383,1.28123221291,1.73596008284
1.22877978951,0.821173899992,4.69934816003,1.96882925348,0.439698892979
0.480890632435,1.55328365187,4.62240153798,1.82428931392,1.26894680094
2.27016975635,2.30926949058,1.88644547206,1.01541180228,3.37951638057
0.906596331746,1.06649445575,4.73974385761,1.92990756423,0.527614980808
1.52782616239,0.439262158854,4.32690266209,1.78795050322,1.01429115498
0.698866944148,1.62042837958,4.84274330095,2.03168612222,1.13114392194
0.676645631393,0.75135703792,4.3005176423,1.49506820928,0.890693718407
2.71458016138,2.19040116713,1.79687506236,1.40286392955,3.43316643119
0.34335110526,0.945407002184,4.00504203659,1.17598946986,1.31144745381
0.505321484566,0.779494906113,4.02193552913,1.20043183687,1.20659212683
1.35206594448,0.772001521914,3.18016756235,0.647393025781,1.95074297413
1.08803281415,0.368630619256,3.65416130843,0.989426870719,1.47512098339
1.19265823594,0.0934727551311,3.91477049156,1.29299149241,1.24483573721
1.52464713302,0.615899639211,3.32441903446,0.957079976098,1.8689944964
0.68954335396,0.909273459905,3.55441878142,0.726448341056,1.67293735847
0.679705608718,1.68912541094,4.82054006954,2.02283798717,1.24502882548
0.128606920799,1.37505351686,4.2623569411,1.46876162351,1.41253235543
1.06657608824,0.784417696239,3.31279289563,0.57276564424,1.82349003244
0.550583922779,0.853126302824,3.74979837212,0.92240461965,1.48940638821
1.59131705422,1.72944364107,5.51774811,2.71112753708,0.502000691595
1.84732507662,1.24088252047,5.16670290827,2.53017879477,0.550290398546
1.87118270086,1.97646722605,2.28003334715,0.642227010092,3.0000047293
1.9851296637,0.947575556924,4.73301009992,2.29344808233,1.07731965208
0.424252350295,0.911979336488,3.87234231912,1.04324813301,1.41240528823
1.28805818238,0.966915346026,4.84205751529,2.10033936506,0.293487929563
1.11892282012,1.15256706766,3.07487818871,0.248221908616,2.12031866604
0.317076551416,1.57248405,4.37897452923,1.61621279289,1.50861128691
0.192173100704,1.13668615698,4.20874432838,1.38547000517,1.2529268014
0.945878468654,1.34296322373,3.19885778124,0.448444789519,2.1422955507
0.0182977144519,1.27029222797,4.12935030776,1.32709650153,1.43524823899
2.18632437935,2.23243228991,1.96768548144,0.932129598454,3.29632931536
1.39563109005,0.182942172604,3.77781884082,1.27610930463,1.43924389413
0.693805098398,1.00086288307,3.50448419708,0.676108244367,1.75273638571
0.562406324932,1.53941624009,3.69662964407,1.0216632756,1.97470168886
0.335853742256,1.26854083942,4.44172079454,1.62002966624,1.13815901627
0.749164760313,0.606334708256,4.18712378147,1.40060878777,0.96440712002
0.587400302491,0.971306925216,3.6238166564,0.795366974095,1.64773908819
0.28943980497,1.43106100137,3.93984587609,1.19337891442,1.71987494463
0.56278481845,1.74122804944,4.64551268252,1.88456080471,1.47097139031
1.48573578509,0.300450902228,4.17044233359,1.64686211513,1.13316677353
1.40280440516,1.69911753006,2.75701199711,0.400299249966,2.60362066752
1.78044713607,0.535513485975,4.18993062405,1.81420536922,1.3260677386
0.622219794978,0.938421426169,4.44409146385,1.62356781016,0.832841934514
0.882759264578,1.38728048681,3.26741977609,0.5458715957,2.12872977911
2.31501341723,2.13023584685,1.85786519244,0.977948400529,3.28187230956
0.207908045848,1.31185308916,4.34518253272,1.53430734473,1.2769085712
0.191491821313,1.44976245697,4.1026453082,1.34328554586,1.61294155522
1.58353872294,1.02272906789,4.94989311385,2.27710528057,0.415730225827
0.921798323283,0.890951552524,3.35417832054,0.544770488041,1.8197361128
1.13270938493,0.530879529088,4.40496263001,1.69694370361,0.736210496581
0.657816546106,1.29680466101,3.48958519025,0.72615221075,1.93171143767
0.793272900595,0.496984114393,3.90623376954,1.13550149633,1.23221036976
2.26850098525,1.52376097759,2.51049342242,1.13734238222,2.78237178479
1.3224976387,0.100507323,3.83418330857,1.28507620194,1.36073555883
2.07565588517,1.75101940501,2.1934576724,0.743802690643,2.93263751955
0.916141651051,0.438546728446,4.15011706788,1.40667224221,0.976255576869
1.05216057048,0.453367234814,4.28837782205,1.57159079411,0.843072826509
1.56732145813,1.41901702781,5.29176945364,2.52858061603,0.16590204439
0.661956886121,1.42355040199,4.76968383064,1.94395465305,0.950227266145
0.180292916298,1.4599282635,4.24562764059,1.47218835913,1.50721309696
0.769031002927,1.77596594681,3.65338578608,1.11131311675,2.19882626976
0.325110606253,1.55414176866,4.04880151223,1.32888465926,1.74767343359
2.1124578208,1.54587230426,5.46721171952,2.83915684011,0.722558596131
1.90874251398,0.632616839552,4.09659365236,1.82267627317,1.50419174284
0.672004142382,0.798119651416,4.34948534832,1.54048304912,0.85639001091
0.570976161294,1.69551004785,4.68764068094,1.90932877283,1.37857235
2.08863863635,1.58294228018,2.34811291617,0.829628136781,2.80672317761
1.68862120551,2.03003986444,5.7318858455,2.90684197696,0.846516341776
1.46521082742,0.844612901619,4.7704989576,2.10073686781,0.501853659933
1.11892282012,1.15256706766,3.07487818871,0.248221908616,2.12031866604
1.28051770216,0.421390507452,4.34494421084,1.6985061507,0.851247411971
1.52700440526,1.65512191253,2.61761255036,0.306071460202,2.64382099612
0.325715381454,1.54267303614,4.43081383443,1.65386809711,1.43294073008
1.32910554705,0.823267508504,3.14518943051,0.579761555757,1.98180898979
1.04887089745,1.2789312672,3.10306121832,0.305548344115,2.16384906494
0.494619191657,1.2410790077,4.55956979436,1.73170787162,0.979427786208
1.82590217876,0.72020463923,4.50756001852,2.0617193015,1.10035424748
0.885580174866,1.54623074009,4.98737943954,2.15962874424,0.857498802136
1.55753754438,1.09676094467,2.85169898551,0.491689206226,2.27642938674
1.52653283584,2.12575086118,2.86015879467,0.907848754899,2.87769812918
0.75636681605,1.09286070189,3.41319316499,0.590971950051,1.86419395587
1.14604693904,0.981448931279,3.13486553071,0.370653549432,2.01480146438
0.895013917492,0.863470319107,4.57617462109,1.78380126174,0.595260533049
1.12808115501,0.982033402374,4.79279348763,2.01884758937,0.347435708533
0.633083419265,1.78144264198,4.72574511368,1.96150737236,1.45018298605
0.0905410784308,1.29654459631,4.06214829672,1.26962021461,1.51362091213
0.803525611478,1.08963422539,4.69143595861,1.87248820106,0.632588883234
0.47824116985,1.71089214635,4.52164371782,1.7733907994,1.54037098304
1.59447559186,1.2917496722,2.69402030709,0.353130913746,2.43433670318
1.81750313567,1.51497712857,5.43034300767,2.70700024217,0.383466450555
2.1930389545,1.73320930379,5.66080770058,3.00031975411,0.763508583141
2.24248307415,2.3504937785,1.93844654729,1.03084914877,3.39121566527
0.679722957997,1.34776672907,3.4745017228,0.731951484651,1.97510217396
0.153959491342,1.29359704333,4.29074863401,1.48109413834,1.31107917232
0.999099462588,1.34069115013,3.14563564701,0.389012822649,2.17271416533
0.273224028664,1.55647478828,4.26722090779,1.51608003553,1.58363596471
1.67208055796,1.72975078192,5.55348494589,2.7576669789,0.476444919913
1.57928012208,1.4514899434,2.61661149722,0.240145363143,2.53924732124
0.830703524558,1.23853812873,4.80437757115,1.97902316433,0.651449834019
0.609887760343,1.10932913104,4.56851708092,1.74100010898,0.827963063251
0.315445282151,1.59746743241,4.21250687165,1.48173578083,1.66669119183
0.653404698622,1.64468997138,3.67266633908,1.0534191209,2.07580986529
0.423417810321,0.963334103567,3.81688291854,0.988669965073,1.48775032196
0.619955115923,1.44649801483,4.74229316196,1.91966808357,1.01213801262
1.68229886155,1.51429555192,2.52166211002,0.342996131975,2.62445113862
0.522128128694,1.28574213094,3.62690390261,0.856884944728,1.83208923673
1.139735758,0.473138140881,4.35317605972,1.65541513253,0.792484840386
1.04109665101,0.966296764525,4.73923919792,1.95436131291,0.422024675143
0.568730664432,1.69353256391,4.68557920251,1.90713317453,1.37803404476
1.62126412517,0.944404627375,4.87240509444,2.23366796485,0.544245577415
1.39326881782,1.78703831038,2.79830992936,0.522205885275,2.64421569534
0.147660123069,1.20231998088,4.00451465993,1.1979424418,1.48701313322
0.74869117818,1.11908596911,3.41361149223,0.595799397791,1.87759911886
2.25144743469,2.56522322361,2.10214035583,1.21610689254,3.50978938425
0.37918869099,1.61915868881,4.44348837639,1.68329401073,1.50413130462
0.446953102335,1.67957578636,4.50013340171,1.74695840247,1.52309449354
0.615522522872,0.734997178351,4.2018568657,1.39195143411,0.996583817882
0.975467891025,1.39878818778,3.17174546177,0.454643175275,2.19229320142
0.634193310221,0.989079862819,4.49692791397,1.67456031516,0.806509992138
0.195197345923,1.42155836714,4.05081026823,1.28948748182,1.62832854574
0.591270048083,1.71075357269,4.70757208559,1.92968821165,1.37915076354
2.22684555101,1.36508490134,5.19916443477,2.71222936592,1.0247552362
0.328325945162,1.18622010086,3.81824557431,1.01640707282,1.62480130121
1.68960698069,1.38436813151,2.5912328799,0.409098543087,2.53627806084
0.932545561542,1.54109001597,3.25339956402,0.63290797435,2.2400545595
0.967716945015,1.1965841491,3.19274692987,0.376305841269,2.06468458189
0.284771726366,1.1215908598,4.29860861697,1.47177292459,1.15090554157
1.14941965154,0.141114698108,3.8942780749,1.25450352031,1.25403697029
0.442992827641,1.51463180611,4.58633077889,1.78548664061,1.25883093045
1.65068443619,1.42166576336,5.31708203339,2.57168366895,0.219678008101
0.746919658187,1.62039668703,4.8880449973,2.07271221078,1.08259967809
0.422489415705,1.31469794581,3.73466685741,0.96900028176,1.77712342223
0.590452783995,1.30355780237,3.55956234393,0.797518131071,1.88982732023
1.06686813563,0.897129173147,3.23909994956,0.467121394673,1.91034170871
0.444337768533,1.49540687464,3.80678821571,1.0986267315,1.86661914939
0.25375258286,1.40906132458,3.96316834229,1.20752224927,1.68429392207
1.0711760677,0.428182815426,4.27401169167,1.56506130966,0.860556953185
0.727075123083,1.53104096609,3.49080921535,0.838022480801,2.09549725272
1.39422636209,0.114361185033,3.89515517362,1.37617124377,1.33484380582
1.2511626669,1.70586468907,2.93986963882,0.521487614837,2.51968264147
0.391602228964,1.48908215288,3.86672693089,1.14865550084,1.82032160709
0.923506063335,0.724309360148,4.47234710936,1.69835607451,0.665846844055
0.48130719699,0.871831497131,3.82955539875,1.00113425036,1.42947940886
1.29362458654,0.391436367613,3.54150762535,0.994522932348,1.61423087103
2.91777416138,2.68611991542,1.25792881319,1.58387074303,3.86945059783
0.734952306586,1.53007890961,3.48088440059,0.828731846438,2.10071564654
0.704035953421,0.585725993591,4.03342195686,1.24214000836,1.1230338946
0.27226055205,1.2584512209,4.3820842298,1.56250285569,1.1894757107
0.324881044742,1.23555201798,4.41611618999,1.59282546285,1.13234856919
0.102475951549,1.312516962,4.05823232219,1.26936636797,1.52999981046
0.477572637571,1.76187038012,4.34013901847,1.64104314592,1.73807955412
1.18872317357,0.108334069642,3.88247079456,1.26163309229,1.27452124121
0.296919556659,1.56717543452,4.14863552253,1.41810653848,1.68594657179
1.10641823545,1.33474041657,3.04192662895,0.266331258462,2.23074889975
1.27013562255,0.707051252155,3.26235353962,0.671254399178,1.86573683445
1.66225987827,0.468768928319,4.25457356949,1.79852056287,1.17878802138
2.02615505995,0.973373033273,4.73738649292,2.31645985489,1.11928900902
0.41540130096,1.59428729621,3.95938697872,1.2680862062,1.84703855698
0.235851926275,1.21515736906,4.32584240085,1.50481994732,1.20541424566
4.14860440651,3.97751464335,0.145174030743,2.84584690936,5.16204339186
1.07693317821,1.17758076966,4.91227835341,2.10850277472,0.36839983996
0.917192231792,0.378757782724,4.02667556542,1.29096242918,1.09947004611
1.98496756089,0.701066349896,4.02425431142,1.82053768183,1.62125169478
1.46365621904,1.03250410977,2.93205751005,0.459210706491,2.19415175725
1.02979588139,1.72561553505,3.23460156963,0.757515349515,2.38601253372
0.132250692674,1.41424193077,4.16160563809,1.38651722014,1.53388429113
0.896837653406,1.00912909445,4.69209831763,1.88626702519,0.541702598971
2.1930389545,1.73320930379,5.66080770058,3.00031975411,0.763508583141
1.13985333884,1.06203291367,3.0970784946,0.299711749618,2.06907788369
1.47025849331,1.58880335708,5.37363396571,2.56915502226,0.385116686769
0.516386604694,0.905799083447,4.31294156854,1.48897480794,0.96819945675
3.82622129684,3.65399092671,0.328902015349,2.51943016551,4.83514735953
3.26151787683,2.92697110374,1.01424464724,1.91897804177,4.14290941192
0.985653747959,0.434513544693,3.67420742442,0.961356155324,1.45192671238
1.54601542253,0.614879928717,4.52835528735,1.94864794271,0.831401491858
1.20657638041,1.5345106461,2.94339917207,0.344554122088,2.40360977028
0.855433191358,0.633395986976,4.33417298507,1.55975076803,0.80454763327
0.50243676539,1.42624602819,3.69297574839,0.969783379816,1.88856271503
0.388005294373,0.990494589085,4.26851171607,1.43963400999,1.07847415398
1.53733066544,1.33932307042,5.22015520544,2.46542527037,0.105775107704
1.94127527154,1.93142929621,2.20414718307,0.643603659045,3.00467380416
0.284616775267,1.56927054509,4.24211941262,1.49828512093,1.6161300965
0.977898898499,1.38139096634,4.9796502279,2.15388422251,0.600398602205
0.420517097502,1.41783326523,4.56060757452,1.74766351674,1.17420410127
1.54348673284,0.914298353009,3.01616091972,0.664711029998,2.12848192235
0.473507715633,1.67767491991,4.55302824248,1.79093645469,1.47624040914
1.02473731177,1.18287966529,3.14496111096,0.320259263311,2.08857632749
1.3343075161,0.279632558608,3.64972678035,1.12443508991,1.52953879434
1.61640738919,1.06333615506,2.86907188823,0.595035946566,2.26919788594
0.413856656804,0.874089491957,4.07421318513,1.24680451912,1.20353836536
1.39862391621,0.348194637708,3.58807182623,1.10818255661,1.60470453464
0.527871904804,1.81243991795,4.35221396513,1.66859125062,1.7829166147
0.668299493114,0.913043823772,4.45892989663,1.64241141242,0.793959616144
0.206400221063,1.48906739531,4.2428067988,1.47691880095,1.53750541445
0.540145449505,1.4342594796,3.65490689278,0.938425839092,1.91982129414
0.368784676112,1.65178041306,4.23916311285,1.52149534519,1.7002391823
0.210859106859,1.44292688701,4.33347745698,1.54638591406,1.4156053688
1.88581320121,1.03972653218,4.92577018644,2.37858687143,0.802450325656
1.75602382584,1.15497024471,2.77427479399,0.687139181879,2.38045737626
1.18459965303,0.372661317595,3.59237671963,0.978357283628,1.5457269231
2.14333313045,2.17321011777,2.00564301017,0.87767592119,3.24161228378
2.11475364274,1.46093647137,5.36981878503,2.77495064911,0.773528138573
0.64104991199,1.28443036183,3.50551261672,0.737393182796,1.91319273032
0.632483130178,1.72167584529,3.79575282781,1.19206294023,2.06663441054
0.460792849766,1.04325138554,3.72227296627,0.899662181512,1.60940171384
2.61543400894,2.11890610517,1.84256136782,1.2999375427,3.35556450976
2.39516668639,2.82426515505,6.50024742577,3.6711753572,1.60537817791
0.383240878275,1.46685897804,3.85742297878,1.13235113034,1.80843240463
0.760316997072,0.663070697356,3.67641889385,0.879799032258,1.48450168721
2.65115355404,2.52727206454,6.43945806588,3.68880029249,1.32495272413
2.15150966631,1.86140543602,5.78474214018,3.06959613831,0.73042792891
0.293715867115,1.01476331058,4.16479620031,1.33610404978,1.20334884214
1.18836422717,1.73626863389,3.03392363261,0.618152817024,2.49534480923
1.07693317821,1.17758076966,4.91227835341,2.10850277472,0.36839983996
1.03908728813,1.73296104194,3.22750240188,0.758019438791,2.39532635189
1.52172892189,1.32182144534,2.71438923759,0.237219210935,2.42660627851
1.68862120551,2.03003986444,5.7318858455,2.90684197696,0.846516341776
0.171795913855,1.34082552934,4.31616961905,1.51184405554,1.33179944177
0.375494045348,1.1803762797,3.77122259059,0.969552724545,1.65681918038
1.54645185014,0.759296334006,4.6852690586,2.0664777889,0.669508240856
1.32026783377,1.27430073794,2.87256509134,0.0771257672988,2.30373800943
0.294852158213,1.24689651685,4.39608492666,1.57468057609,1.16411047539
0.858640293038,0.573099744431,4.26842026583,1.50057425906,0.865516815025
0.803553979475,1.69294901729,4.94749834574,2.13588929816,1.12080917218
0.543078376874,1.74080995933,3.98819695587,1.35302348893,1.96206746085
0.922585519346,1.55448354753,5.01854174737,2.19020278205,0.83057710599
1.78660051381,1.21359027028,5.14189971125,2.48981508941,0.488318764796
1.10204940738,0.440131569976,3.57403673865,0.91159719925,1.55388829836
0.471727979556,0.823940439058,3.94159502271,1.11568193808,1.30503084529
2.16590776573,1.57317411991,5.48937059066,2.87524572908,0.781249151007
0.375692488718,1.52299400959,4.50919437372,1.71845919424,1.34128292158
0.820384618788,0.534392201823,4.17177657077,1.40182379194,0.964156403623
1.65676917056,1.1121140433,5.04015837567,2.36938895142,0.409353142119
1.09129942828,0.903914573354,4.71393671244,1.94439291156,0.419825025946
0.258404613057,1.27984085467,3.8919632389,1.10734296199,1.6355377136
1.46657690226,0.276018741133,3.70968492684,1.25970261045,1.52817839227
0.471233580418,1.06198289617,4.4219958041,1.59320315473,0.963836672117
0.903216230865,1.02199294751,4.70545197536,1.89909243906,0.533640478145
0.644234415052,1.73212399903,3.79165229109,1.19417270353,2.07840369947
1.3968013254,0.806820032697,4.7269560336,2.04365527251,0.49767661177
0.418581237143,0.984674535864,3.80551860089,0.978274741728,1.50907275805
0.710051956192,1.18572721976,3.43871341969,0.63754529423,1.89738325212
0.686551042837,1.49864016977,3.52077907951,0.84731572961,2.05308515714
1.63727424106,2.05956201265,2.62778905582,0.75376995869,2.91918168191
1.39200139207,0.420837150676,4.34724744641,1.74460104528,0.906849139183
1.32608962535,1.61223863904,2.82545223736,0.33832538028,2.51366520806
0.473933841148,1.07482842689,4.43467569717,1.60578302103,0.960407150295
0.662235740004,0.734193220536,3.72504466265,0.9107166263,1.46348228167
0.352953096559,1.45626444508,3.8851163479,1.1530878615,1.78022527048
0.433758268052,1.28877477393,4.53299327176,1.70865454362,1.06122904372
0.673017086958,1.37314497871,3.48725919547,0.755447671087,1.98415285572
2.35226788384,1.63535266858,5.5119997686,2.96831120473,1.00981851677
1.62221832082,1.25513198118,5.16915299714,2.45267068967,0.236492547297
0.584020228198,0.817127760919,3.74128058692,0.916447321647,1.4810778915
0.128427125958,1.18004221122,4.04371065818,1.23186533552,1.43692962344
0.778496896279,1.39761761903,3.38025796942,0.663680548664,2.06741777333
0.650011135755,0.696826783797,4.19007411756,1.38562454045,0.993028373582
1.11149175662,1.12776831855,4.89480013522,2.10037259303,0.323072340275
0.353833656588,1.06213323902,3.83219767476,1.0110653897,1.53278045889
0.461390159569,1.38117907931,3.7166751273,0.974449702884,1.83856399922
1.78203762461,1.19034666534,2.73900487583,0.690082680648,2.41569326054
0.346806953564,0.938984025065,4.07091567685,1.24184132553,1.24513199994
0.467052595698,0.979762887471,4.34273214902,1.51518572708,0.987818942677
5.32529536324,5.18017655848,1.25422447221,4.04119396807,6.36656102497
0.739294357023,0.912464650653,4.51259708351,1.7010550374,0.721462828367
0.201633268502,1.08307075792,4.08108678528,1.25718959493,1.33200936326
0.802929618199,1.04275924884,3.3861918796,0.557913296094,1.85846586459
1.20302480849,1.04651843431,4.87517704585,2.10465557279,0.260874651839
0.250481740793,1.2777364562,4.3715506997,1.55463910034,1.21853530292
0.424602713775,1.67888244759,4.44841086875,1.70353307134,1.56493805929
0.573871803615,1.69977200916,3.85917365138,1.23168799262,2.00751995857
0.921447465788,1.89979170349,5.05598236088,2.26526844134,1.30707613958
1.97078226951,0.75836597607,4.36937142445,2.04296755595,1.35019514644
0.781493500883,1.03135674727,4.63538021783,1.81874290266,0.653301875929
0.356246399972,1.34280040389,3.81225876393,1.05014040897,1.74244440315
0.497857062482,1.77369382754,4.42373075191,1.7121960764,1.68781248855
1.03929833535,0.290357698208,3.80039546349,1.11560571489,1.32860895193
2.58512241942,1.80844398363,5.63953051009,3.15272027088,1.25006831314
0.584020228198,0.817127760919,3.74128058692,0.916447321647,1.4810778915
1.61750418854,0.333340320285,3.96011222315,1.55260328836,1.39913285927
0.485910026388,1.44619439833,4.62501126169,1.81053309579,1.14012233319
1.47348893876,0.306591820711,4.18830624064,1.65506631374,1.10920521872
0.736230659105,1.28874514984,3.4090781925,0.642007438209,1.9788458
0.516386604694,0.905799083447,4.31294156854,1.48897480794,0.96819945675
0.778972662538,0.652710920597,4.28637037139,1.49974663353,0.866171275557
1.16315909152,1.13406704901,3.04724223491,0.233540912183,2.13106402738
0.28061481939,1.44878110265,4.41920504907,1.62420973598,1.34457726025
0.90403082162,1.25414430468,4.86110155642,2.03817090677,0.584835976885
0.477944754729,0.947139017385,4.31891872391,1.49239380818,0.990621541863
0.977374782658,1.535151558,5.0516128795,2.22251362075,0.755054140214
1.32910554705,0.823267508504,3.14518943051,0.579761555757,1.98180898979
0.570540477914,1.67642689588,3.8308920251,1.19788365479,2.00473441839
3.25068586471,3.22977529026,0.978984559718,1.99298133392,4.35077801888
0.60900685419,1.37628479025,3.5565136649,0.822903545144,1.94182102131
2.36536362727,1.0867832126,4.21450985679,2.18250077165,1.8421094694
1.64491103359,1.53452374616,5.40460052074,2.63600453558,0.27923869086
0.563846183986,1.34001128131,3.59438250113,0.844541924813,1.89149809798
0.15410297945,1.31631704295,4.00803010594,1.22391324662,1.57351666512
1.05216057048,0.453367234814,4.28837782205,1.57159079411,0.843072826509
0.457271325232,0.977082802178,4.32999859878,1.5023019499,1.000315474
0.952578011297,1.29315874896,4.91452074383,2.09192347483,0.558478003863
1.46521082742,0.844612901619,4.7704989576,2.10073686781,0.501853659933
0.908502143298,0.436627635099,3.76790053343,1.02939409003,1.36032720281
1.79383147343,1.10397901001,5.02519224756,2.40993186254,0.600680390408
0.149584248941,1.30941119708,4.00934651966,1.22354635281,1.56688042494
2.5112106704,1.62569629327,5.40500009755,2.97481171622,1.26846700297
0.653425914418,1.53787476969,4.79152266901,1.97461129934,1.07607978878
1.87979735348,1.04666051001,2.94034080997,0.971801275887,2.30525242728
0.562850005095,1.01560352698,4.4614662207,1.63540952195,0.87517949332
0.165089509667,1.44859825555,4.21900175758,1.44589997073,1.51851723886
1.1687635428,1.04531280754,4.85982356499,2.08384699901,0.286164558094
1.18978628256,1.65681639765,2.99446115617,0.511891659373,2.45827890866
2.0912594257,1.15040633493,2.95939951165,1.2046710742,2.4063522683
1.19086913374,0.647183340845,4.53335626886,1.82211063916,0.613619180948
0.0905410784308,1.29654459631,4.06214829672,1.26962021461,1.51362091213
0.168935693263,1.12093523385,4.13251823398,1.31037629828,1.31264748958
1.40322042658,1.59726257459,2.74197745002,0.271054261166,2.54662628304
3.20059688997,3.11287881913,0.96349060934,1.91292603889,4.25695186243
2.39164367996,2.05341743385,5.98194242203,3.28946753984,0.967122443624
0.620979663718,0.820837287658,3.69091263189,0.866649260991,1.52536357579
1.0645848666,0.435995102065,4.27808487557,1.56650816202,0.855359220945
0.991657352403,0.920194946946,4.67741562918,1.89115220501,0.484049664548
2.04659683879,2.13728193312,2.1109594928,0.815030541686,3.17645607596
0.192173100704,1.13668615698,4.20874432838,1.38547000517,1.2529268014
1.86694401688,2.30912782879,5.96000663323,3.13105894707,1.13620355927
0.936430794283,0.918985450992,4.64583895122,1.8527728004,0.531872653388
0.295215386318,1.55489917099,4.115561547,1.3860178545,1.69921276192
1.35744719242,1.03530991031,4.92023361073,2.18195099939,0.228788119373
0.681459317049,0.624260208325,3.86681172688,1.06726875003,1.29909179199
0.416914740558,1.03763601194,4.35082202072,1.52183081768,1.02473684848
1.37641309971,0.288899841616,4.21072886289,1.62854567836,1.03313028701
1.51956660884,0.442040330603,3.527970228,1.13754103968,1.70193823868
0.991226537047,0.563876329724,4.362046453,1.61831005997,0.763930988407
1.59972871356,1.18619325395,5.10400788842,2.39698520406,0.265994069128
1.51175502921,1.15164612926,5.05758006889,2.33410610917,0.198244936913
0.524403405736,0.900530082706,3.74050307223,0.91153346575,1.5192686998
0.856876681489,1.4814466377,3.31802384517,0.652325184252,2.16161549313
0.808935114582,0.512278694529,3.81484461253,1.04525287893,1.32382459874
1.39763452291,1.07574206239,2.92877605442,0.353808779321,2.20011451521
0.769031002927,1.77596594681,3.65338578608,1.11131311675,2.19882626976
1.01724626081,1.58984715991,3.173720167,0.599493622218,2.31806190319
2.38370593049,2.21319595208,6.12731964616,3.38500542397,1.02139867506
0.340590115134,1.06312266417,3.84736162283,1.02616125475,1.52099162117
1.37900452802,1.28970448119,5.12887548635,2.35218097743,0.0899095681843
1.14425252857,1.38866727715,3.00127948382,0.260623372854,2.28445958945
0.494619191657,1.2410790077,4.55956979436,1.73170787162,0.979427786208
0.367820342026,1.43761658521,3.85263998917,1.11775275455,1.78795649194
1.56953938141,1.9217118215,5.61012584671,2.78480975184,0.766243406842
0.666002542065,1.87005099931,4.69668213363,1.9614140867,1.58329684382
1.24664534626,1.21470552078,2.95111582405,0.138740403016,2.22794403606
2.31901628121,1.44008917596,5.25213535163,2.78871407838,1.10948254035
0.709794435452,0.757495655484,3.64333118164,0.829436382912,1.54188493441
1.38113150531,0.115751311725,3.99533500911,1.45374625152,1.23827225308
1.88582039981,0.652520431679,4.26932303634,1.92810439585,1.35087777986
1.3415933524,1.59025634927,5.30926316149,2.49174147621,0.481231009682
0.543078376874,1.74080995933,3.98819695587,1.35302348893,1.96206746085
1.92294222936,1.05414828457,4.9287317045,2.39678810887,0.844578932136
0.238642964055,1.49132516707,4.09349484276,1.34720661006,1.65743142821
1.77561147074,1.08045042063,2.85760845527,0.786135330945,2.32217623814
0.647221307737,1.38004317278,3.51668059409,0.786666262578,1.97013543933
0.348317038853,0.941329373447,4.09678939182,1.26774810992,1.22138817191
0.499824309922,1.78193698653,4.27460000798,1.59603694615,1.80683124807
0.885532607589,1.70923329549,3.41555071059,0.885526441029,2.27676204269
2.61474128147,1.88679778387,5.7371836626,3.22600806206,1.24879413684
0.134858157133,1.17484787299,4.03878154083,1.22641109068,1.43723658852
0.749457592725,1.76826460987,4.88483397449,2.0932872686,1.28773102165
0.356151999363,1.41930630048,3.85303133481,1.11185256666,1.77293257516
2.95947047094,2.74457434346,1.20589966464,1.62933803054,3.924013618
1.09292058826,0.383739611148,3.63512223404,0.971978557171,1.4939700328
0.0182977144519,1.27029222797,4.12935030776,1.32709650153,1.43524823899
0.543078376874,1.74080995933,3.98819695587,1.35302348893,1.96206746085
2.74295152855,2.71676452677,1.4197357326,1.47055845033,3.82810074045
0.360698711668,1.48190107844,4.50202953153,1.70441197668,1.30279608605
0.992395046685,1.10156946461,3.19818661833,0.369128766363,2.01549655478
1.2626273395,1.63075918902,5.28473579377,2.45953956937,0.600912269723
0.690886650277,1.73687194356,3.72431666601,1.14394204843,2.12328140206
1.46344420091,1.64694324714,2.68240369853,0.307628586035,2.60674907901
0.193983511238,1.3801257739,4.00821770174,1.23997749103,1.62592872812
1.91891727583,1.2448616489,5.16146056068,2.55452277169,0.650118496881
0.260476290928,1.54460632218,4.25145615678,1.49923665203,1.58452033429
0.314232507413,1.23921577136,4.40888843352,1.58621464844,1.14345477879
0.389077961518,1.20480967292,4.45338242048,1.62671442363,1.06222517564
1.73210690566,1.888048273,2.4214912001,0.540620144834,2.88130174486
0.944173652266,1.2203566433,4.86530560464,2.04669101996,0.525753290488
0.359380615548,1.10326998715,4.35530764413,1.52675270611,1.07524785163
1.8219920951,0.805676835491,4.643698233,2.15474103228,0.978506220289
0.331145702172,1.5803038717,4.39813604219,1.63464578545,1.50075434292
0.164968555864,1.16114258848,4.20506277106,1.38407724396,1.27632738838
0.424460376931,1.61229942066,4.52916146109,1.75486830838,1.42285188448
0.45296978662,1.62777490645,4.56082569271,1.7856139278,1.41240043495
0.219506009726,1.47075984624,4.08972720667,1.33785280312,1.64177070399
0.350969936524,1.54691206744,4.46563046658,1.68516471624,1.40684518825
1.20551147925,2.09655664838,5.34488069672,2.54806443995,1.32985896327
0.500171273029,0.976378280813,4.37152336442,1.54484795567,0.951719374484
0.397270100725,1.48646433762,3.85724431344,1.13938157549,1.82472385556
0.937002180802,0.938609130226,4.66166935372,1.86667621556,0.523307987439
0.837667485489,1.49014935524,3.34288928633,0.68083742852,2.15320126266
0.814613425744,0.587795088679,4.24181811439,1.46592324416,0.898424592373
0.224505593351,1.50892765519,4.2110130323,1.4544430729,1.58222356079
3.5203148499,2.28124761174,5.1335252556,3.40366835565,2.64994602783
0.242702207045,1.32173240634,3.92071766544,1.1446041414,1.64577186388
0.876463358195,1.69811345631,5.01618854993,2.19869140844,1.05415927779
0.315445282151,1.59746743241,4.21250687165,1.48173578083,1.66669119183
3.42457094475,3.26481894859,0.721049776987,2.11598186286,4.43644801316
2.51622135853,1.43285150451,5.02980900987,2.75197991375,1.49243237238
0.481135628272,0.833343198985,4.15217142504,1.32877000923,1.1009062685
0.488970139263,1.45808918924,3.72651379729,1.01275665987,1.89072637201
1.23057990078,1.24272201046,5.03281429896,2.24008669442,0.226458154771
0.254744172147,1.48412118416,4.0506410969,1.30764018334,1.68337484482
1.53733066544,1.33932307042,5.22015520544,2.46542527037,0.105775107704
0.22851075948,1.07859516803,4.1696758768,1.34343755622,1.24531375196
1.28842036486,1.69043029534,2.88862302088,0.469829483204,2.53403737577
0.190729233066,1.17164561184,4.24759225414,1.42590722822,1.24422705801
1.41387973492,0.370522898594,4.29011741543,1.70852645002,0.976437677488
1.33330710643,0.212202545001,3.71882942524,1.1875157909,1.46799360099
1.16853505049,0.557862973851,3.43173883752,0.793714284548,1.69605422286
1.61266447249,1.68320181374,5.49791190525,2.70001921009,0.437514528641
1.92294222936,1.05414828457,4.9287317045,2.39678810887,0.844578932136
1.26968554403,0.466395800263,4.38633720553,1.72831075288,0.803081176491
1.63201877751,0.898112551525,4.82330965531,2.20180788606,0.607997466549
1.95382559918,0.76061525986,4.41023714198,2.06114142617,1.3022457202
0.206400221063,1.48906739531,4.2428067988,1.47691880095,1.53750541445
0.801781809146,0.949264975118,3.42724129333,0.599934618141,1.7868884129
6.23793815049,5.94857651593,2.0934571522,4.91725482389,7.17629733966
0.652414947071,1.53693191214,3.58423264908,0.923003463053,2.04324214305
0.717289121819,1.22604396021,4.71934947025,1.89125918103,0.758705079666
1.32608962535,1.61223863904,2.82545223736,0.33832538028,2.51366520806
1.60276594197,0.931529631893,4.85994365933,2.2175816592,0.537262846388
0.709755847269,1.22631861609,3.43555222161,0.646465561579,1.92336249955
0.41402817426,0.872471273282,4.00081909052,1.17283709857,1.27392288072
0.123287422129,1.33380464316,4.05034307766,1.26685093601,1.55406246142
1.96831477031,1.98817796728,5.84259329471,3.05431710661,0.729299064165
0.555323126061,0.791401157224,4.20441757952,1.38704375904,1.02167081419
1.34028417721,1.26842082267,5.09810939661,2.31815908727,0.116498219571
0.168179922389,1.38926125586,4.30572453632,1.51079988833,1.3876775567
1.88463936243,1.23463441859,2.70499523104,0.795813486242,2.47473904566
0.945962681459,0.727010323354,4.48867420804,1.71777158495,0.646570886296
2.24565880284,1.09880151737,4.69547826522,2.40334051077,1.39477295225
0.346806953564,0.938984025065,4.07091567685,1.24184132553,1.24513199994
1.7924915145,0.514692543647,3.85833571782,1.58286128086,1.59681582762
1.31231270077,0.83510539625,3.1422214345,0.558042355863,1.98400145441
0.328572848981,1.59001824385,4.37453822689,1.6169627814,1.5305967434
0.445737046014,1.72392624206,4.22401154252,1.5342000292,1.78385931575
0.451969897767,1.57931814748,3.88273351691,1.19766269888,1.88602584986
1.46227375208,0.403344115185,3.54678607445,1.11373984794,1.66314685408
2.4554060836,2.52459274,1.72907659295,1.22561780681,3.58955515002
2.6661886452,1.41499793002,3.72688183986,2.12736858013,2.42041904991
2.08863863635,1.58294228018,2.34811291617,0.829628136781,2.80672317761
0.551820622102,1.83216629657,4.42373963103,1.7320244003,1.75173843472
2.03446716343,1.85170555827,5.75782967806,3.01180014331,0.648703632307
0.477944754729,0.947139017385,4.31891872391,1.49239380818,0.990621541863
0.325715381454,1.54267303614,4.43081383443,1.65386809711,1.43294073008
0.750811783096,1.74419372619,4.89089355493,2.09404086948,1.24941262427
2.17142186443,2.16565017577,1.97403737762,0.887956340656,3.24913268234
1.27695485639,0.814761919594,3.17289978617,0.562657340613,1.9530835709
1.2503992754,0.891063581906,3.12913170876,0.472546716448,1.99924258039
0.156655926951,1.32133829269,4.00797117974,1.22502740329,1.57763819565
1.34246655867,0.312506021204,3.61683405439,1.09871599986,1.56108449026
4.61254861349,4.43005603748,0.502748355454,3.31067872478,5.62223320215
1.73210690566,1.888048273,2.4214912001,0.540620144834,2.88130174486
1.14933915598,0.399044551899,3.58491674924,0.950077172806,1.54784062069
0.705718896563,1.54802331971,3.5267416869,0.878792262609,2.08679723625
0.893680501799,0.937428232755,3.35247699009,0.531952433678,1.83783665536
2.39834830029,2.05913889371,1.87231461813,1.05763980879,3.25718565916
4.17639473659,3.98632878214,0.0940687110116,2.86824767697,5.1766641792
0.570766117485,1.40654926817,4.68940503304,1.86644942774,1.02213576434
4.47624420892,4.09642555004,0.601107234012,3.13510207302,5.33331535056
0.644961216884,1.44107242221,3.54075626017,0.836993817266,1.99826385897
0.262649119674,1.50403482965,4.07167818461,1.33212613321,1.68541367174
1.26226998552,0.248119340783,3.68572198314,1.11574505029,1.47629384934
0.348317038853,0.941329373447,4.09678939182,1.26774810992,1.22138817191
0.415304063774,1.40848697285,3.78021650867,1.04235271633,1.81554763667
0.257369812369,1.0421014122,4.14781225459,1.32016614998,1.23958666298
0.562850005095,1.01560352698,4.4614662207,1.63540952195,0.87517949332
1.76139319189,1.44422309212,2.52146395918,0.467369372755,2.60509815169
0.919273854981,1.44693624216,3.23916866408,0.554796976725,2.18399985355
0.662235740004,0.734193220536,3.72504466265,0.9107166263,1.46348228167
1.72918466567,0.456431516654,3.82992257944,1.52145000651,1.5758860517
1.57928012208,1.4514899434,2.61661149722,0.240145363143,2.53924732124
0.53228431367,0.7628821815,4.08753787348,1.26919822529,1.13244830933
0.916173009851,1.37154059004,3.23075424712,0.498947526752,2.14066756918
1.59990585688,1.75107874161,2.5470376643,0.401964393205,2.7365198985
3.01622942452,3.02183695265,1.19831453078,1.76652281292,4.12785921085
0.709755847269,1.22631861609,3.43555222161,0.646465561579,1.92336249955
0.478578413697,1.04026404832,3.70465739726,0.881698276854,1.62147558662
0.53412092216,1.53610017083,3.72927985206,1.04834579819,1.9510278352
1.01476528347,0.63536826356,3.46125528559,0.732348694409,1.66919605076
0.458011476413,1.60415051806,4.58074400953,1.79761370767,1.36734728681
0.568810357586,1.48419348108,3.65001598182,0.955663118928,1.96107104023
0.387200948643,1.27627590141,3.76227661498,0.983941083434,1.72970558161
0.305427771809,1.07497818043,3.88298137936,1.06255251322,1.49909654018
0.812878055051,1.48980645043,3.37099810881,0.706552637443,2.13650077592
0.108218344529,1.38960948306,4.15335119731,1.37329651451,1.51846461756
1.031756483,0.542273636488,4.3654805538,1.63265114231,0.761990612388
0.120310605914,1.16471845519,4.09937376101,1.28308486341,1.37643953918
0.189652111216,1.09578865637,4.07305857204,1.25042327463,1.34850258709
0.318543506765,0.99123502476,4.16448375629,1.33544128823,1.18716013154
0.425623396282,1.56556312655,3.9038315415,1.20994952393,1.85980948457
0.308344578855,1.50207290838,3.99325245288,1.26345526986,1.74156567391
0.208464998243,1.42183083781,4.03272224371,1.27343042397,1.64247716075
0.291809943831,1.57606048749,4.23060782525,1.49049590688,1.63178563351
2.09410169567,1.85692664318,5.77317502366,3.04205212515,0.687334896026
0.302901716099,1.22865243568,3.84178169443,1.04796210522,1.63638836639
0.0989420626759,1.29804295678,4.2410818251,1.43562082326,1.36071961928
0.610549479425,1.11032513957,3.54883638435,0.73393898836,1.77763800776
0.253898895389,1.51238841823,4.33441059703,1.56275174161,1.48436252326
0.74935681558,1.25551694759,4.75855092886,1.93041477935,0.741970056919
1.30657764038,1.07417972021,2.97911184596,0.296441585749,2.15925984938
1.17896997652,1.78252570036,3.0748637478,0.690163521796,2.50973024405
0.483838847342,0.857569226584,3.8444447575,1.01653905915,1.40951484684
1.534288572,1.85669521475,5.55818544111,2.73470806701,0.69927843493
0.479514360045,0.897438688688,4.25958000324,1.43444115631,1.02317467295
0.75371471333,1.51609417698,4.87291042484,2.04841471263,0.953542403089
0.895165164397,1.60814874046,3.33105240433,0.747560053068,2.24536528753
0.193303084514,1.47520554422,4.24160511775,1.47237540335,1.5251695335
0.132250692674,1.41424193077,4.16160563809,1.38651722014,1.53388429113
1.42644916707,0.446472790684,4.36936984954,1.77641092318,0.905444849197
2.0651694142,1.81242597266,2.15557892838,0.722541131198,2.97355755809
1.35206594448,0.772001521914,3.18016756235,0.647393025781,1.95074297413
0.516386604694,0.905799083447,4.31294156854,1.48897480794,0.96819945675
1.56282740158,1.88701666491,5.58968924944,2.76601800068,0.723001301501
1.15670596062,1.61722034379,3.01923909114,0.492949106555,2.41835924358
1.06433796325,0.879627820709,3.25158204017,0.483793933228,1.89573535824
2.02611488186,1.97820918246,2.1212719741,0.716139344832,3.07024176434
1.11978349739,0.259067513788,3.74892598973,1.1015605542,1.38769447443
1.08135901768,0.270989346201,3.77308913436,1.10724605229,1.35935144831
0.321831823077,1.22855310792,3.82288082124,1.02985696804,1.65073853937
0.500419641463,1.38789410337,3.67740426148,0.940634354097,1.87024429311
1.80437867467,1.74992256059,5.61657031128,2.84004730459,0.493928481363
3.17207984985,3.1326327968,1.02476379451,1.90414180404,4.25896655592
0.163917878052,1.44846715652,4.20562831201,1.43402264095,1.52939498608
3.30674365943,3.24004770951,0.883940358213,2.02965125118,4.37878436737
0.93467208778,0.381044650844,3.82082173341,1.09402959866,1.3054801112
0.893680501799,0.937428232755,3.35247699009,0.531952433678,1.83783665536
0.947886132382,1.19335413266,4.85036212098,2.03388472979,0.51027561351
1.39422636209,0.114361185033,3.89515517362,1.37617124377,1.33484380582
0.385685123276,1.18036571366,4.4355360865,1.60817320531,1.05804124903
0.265579934773,1.5104752643,4.36051750316,1.58511983781,1.46019479997
0.612268074899,1.60282137309,4.756660545,1.95193767352,1.19696656541
1.47973683967,1.79430780395,5.49548679842,2.67267401993,0.649867416123
0.206450384315,1.34168644565,3.9676064598,1.1929254965,1.62568122715
0.839242922851,0.791442750029,4.47756638656,1.68560257993,0.688502493278
0.308182207648,1.39512118692,3.8906740936,1.13798820695,1.72640977066
0.272268278465,1.30268387088,3.88407851651,1.105661502,1.65887098058
0.189720760747,1.26006492263,3.95633625116,1.16329908814,1.57024257667
1.38089682853,1.36812240623,2.79366586107,0.0371125104838,2.39442473155
1.36642530658,1.84691733242,5.44673572315,2.61778174794,0.806650039256
1.63201877751,0.898112551525,4.82330965531,2.20180788606,0.607997466549
0.107233940473,1.37582844207,4.22915787032,1.43880346391,1.44211837417
1.56030156483,1.42163636626,5.29159490726,2.52651743246,0.165709960425
1.21504160092,0.363724125973,4.27504264549,1.61592644143,0.8969308263
1.12857062602,1.22709331917,4.97271362202,2.16939586532,0.331822764297
0.681446402335,0.887017506163,4.4459781635,1.63191813995,0.791556823284
0.783348623371,1.54745094366,3.43274994574,0.796352447435,2.14215478422
0.446044423543,1.25091641347,3.69991321663,0.917157770703,1.75704115193
1.4600451803,0.193256430905,4.01741992612,1.51198468355,1.25761213358
0.497857062482,1.77369382754,4.42373075191,1.7121960764,1.68781248855
0.500171273029,0.976378280813,4.37152336442,1.54484795567,0.951719374484
0.719658057269,0.600240467018,3.82781231145,1.03471763773,1.32968634324
0.380272471319,0.970184484684,4.23060619938,1.40180204774,1.10429035951
0.383240878275,1.46685897804,3.85742297878,1.13235113034,1.80843240463
0.713159944403,1.04138764588,3.47029506831,0.643935156572,1.79760094801
1.92306653351,0.74699495521,3.50019586372,1.4194727992,1.94543223519
0.386909941393,1.19089848864,3.75874501109,0.95960178517,1.67327027022
1.21919154842,0.415920280819,3.53783405067,0.942878175261,1.60214579664
0.616156015094,1.55062081465,4.75880821823,1.94628893444,1.12786346264
0.340590115134,1.06312266417,3.84736162283,1.02616125475,1.52099162117
1.01924154585,1.46114348951,3.13368017589,0.460813641395,2.25335411299
0.571315178394,0.715486577028,4.03586395837,1.2220766426,1.16463496689
1.63460539626,0.357442650106,4.02282634796,1.61027779856,1.35767959281
0.183409995116,1.46729499576,4.18953377141,1.42457208303,1.56008641541
0.368260212385,1.43102295449,3.8473548973,1.11074751371,1.78636655161
0.447720023633,1.55869395374,3.8643180576,1.17363585209,1.8806771342
1.41780137788,0.855324600792,4.77501064314,2.08791132777,0.456601532781
0.516386604694,0.905799083447,4.31294156854,1.48897480794,0.96819945675
2.59356123795,2.66843002394,1.6125188246,1.3716543815,3.73550487677
0.242760189329,1.11306505264,4.24333418701,1.41738690961,1.19990382819
0.320163191358,1.28600346571,3.83160730753,1.05216576521,1.68573737668
1.20498111836,0.280823651046,4.19033262283,1.54038556032,0.979508662642
0.228463730984,1.1615070195,4.277835003,1.45416149691,1.20589259341
0.508474388304,1.67323992624,4.61241975228,1.840180395,1.41936918675
1.41654476535,1.55653752563,2.7285726175,0.216218790408,2.52951641221
2.22473838263,1.07517798865,4.6756563755,2.37961880659,1.38543536833
1.36275789904,1.52470551899,5.28177920103,2.47233785561,0.38046583115
0.266407252284,1.25822192882,4.37685092423,1.55752487508,1.19452614883
1.1687635428,1.04531280754,4.85982356499,2.08384699901,0.286164558094
1.11443146477,1.07132768885,3.11176004275,0.302638625118,2.06219271179
0.989031971983,0.625201442508,3.48898169694,0.752036063974,1.64270172574
0.401320894101,1.49119825092,3.85647642099,1.14047677167,1.82917869256
0.33959648122,1.57622401066,4.4209234471,1.65321255392,1.47716039548
0.941445117325,0.530791637459,3.61514090522,0.876425142549,1.51495726005
0.285413203162,1.56943538036,4.26339281987,1.51647309881,1.59952654477
1.40861195149,1.42271634289,2.75588027671,0.0787390133314,2.44285181775
1.17187189833,0.972057368193,4.80367247227,2.03843258295,0.325953945182
0.997954908998,0.688490740652,4.48404691715,1.72624169413,0.643465608836
0.625778279569,0.871951616134,4.3841472286,1.56730826564,0.859670280401
0.385641022167,1.42542001155,3.82367935458,1.08756359407,1.7985385825
1.38313608247,1.1411536632,5.01500515708,2.26351253302,0.119846602766
1.00385005148,1.10857153466,3.18598645884,0.35692913369,2.0268623174
1.21384165183,0.584146278766,3.3887078596,0.776211606947,1.74082774781
0.482070138001,1.56209317281,3.82108445544,1.13828143784,1.91243777423
1.91198872938,0.821132735131,3.32665112492,1.28758415406,2.0576762635
0.33940016168,1.61562898578,4.33860716908,1.59350141159,1.58640249273
0.455184884611,1.16862873639,4.48600199765,1.65730992293,0.9895709477
0.574972841108,1.589815826,3.72467018816,1.06918135044,1.99799004179
0.196990738162,1.46955292061,4.27448237583,1.49995603122,1.49238938518
1.21366477699,1.39696628287,5.12672139264,2.31514981892,0.371864551065
1.28933664034,1.19306661397,5.02189884553,2.24462554479,0.14507988554
1.49014686039,2.06176469492,5.60709595449,2.77923880182,1.02068582922
0.90403082162,1.25414430468,4.86110155642,2.03817090677,0.584835976885
0.536514155602,1.43633757573,3.66003472986,0.943952855718,1.9180211484
0.704035953421,0.585725993591,4.03342195686,1.24214000836,1.1230338946
0.856834847142,1.84706238784,4.99224235511,2.20064705212,1.29308351418
0.417298273399,1.4683062072,4.56189143818,1.7560108494,1.22986167659
0.477552857024,1.65853739384,3.95776774428,1.29287236423,1.90607572077
0.389077961518,1.20480967292,4.45338242048,1.62671442363,1.06222517564
2.20124444224,1.11484483425,4.79930957904,2.44506540509,1.27106078757
1.69290314107,0.483759903574,3.64826969772,1.35894820723,1.69413928866
0.202245129329,1.36683678874,4.34680500131,1.54420115183,1.32862597053
0.621642186297,1.39602796927,3.54921622469,0.824443207073,1.96049395678
1.031756483,0.542273636488,4.3654805538,1.63265114231,0.761990612388
2.02782656489,0.754691291234,3.82830812853,1.71859844311,1.79505650216
0.795725147786,1.2560300945,3.34928012061,0.567170880178,1.99734637304
0.701277942208,1.72112576922,4.83930323915,2.04500544257,1.26883639042
0.491890506428,1.74640914842,4.49003747644,1.75748504226,1.60591819335
1.56543455688,1.55659374891,2.59327516568,0.239879267674,2.60171244088
0.270322451735,1.47779877266,4.39480612886,1.60815754486,1.39668439672
0.326454126427,1.04950222922,4.26743727074,1.438621001,1.12459243279
2.56014872512,1.5277729986,5.17407658923,2.86067070739,1.46025989706
1.44970313017,0.517648395464,3.41607339717,0.983402883862,1.76776447891
0.618239123602,1.66916477477,3.74945324828,1.1285055831,2.04941593441
0.816140582479,1.52152877618,4.9249411385,2.09830439383,0.898286271926
2.84579917597,2.72255434182,1.29881746781,1.5375625481,3.87083902693
0.391190173187,1.60022898452,4.48665573485,1.71551726611,1.44660826473
1.19310578816,0.782434863578,3.23792445199,0.57127136306,1.88907812939
0.360698711668,1.48190107844,4.50202953153,1.70441197668,1.30279608605
0.840753937777,0.526541324274,4.1868588497,1.42087422496,0.946504977622
0.592245610497,1.49466611496,3.62897400404,0.941759470712,1.98259035349
1.2912132413,1.3724842301,5.14974316698,2.34907792119,0.266828993451
1.90114439161,0.967707610437,3.06905846496,1.09050115276,2.22720772828
0.471046852667,1.47719917548,4.61475601503,1.80528596433,1.18710760116
0.489352344722,1.60822247408,4.61890156591,1.83161454202,1.33700830499
0.412063995206,1.32803625008,3.74920043664,0.986823895909,1.77653958276
1.7969983915,1.62359879443,5.51735829271,2.76409528198,0.400193396021
0.712255801928,1.3538251732,3.44147461724,0.702291934851,2.00015379053
0.473790189314,1.46879891298,3.75123093211,1.03908062018,1.88262643635
2.83785190492,2.61517120766,6.54148798589,3.82305361315,1.465339366
0.576054845382,1.04665553017,3.60196374382,0.778822362958,1.70349299577
0.376976005238,1.31449442654,4.49543509569,1.67517503063,1.12912700697
1.7969983915,1.62359879443,5.51735829271,2.76409528198,0.400193396021
2.18596399392,1.80608939392,5.73461001793,3.04751562324,0.752147609346
0.560670108086,0.795606508552,3.80045794623,0.976805417959,1.42056773171
0.187790199829,1.36942356241,4.33183046905,1.53095950125,1.3449190101
1.12910253819,0.635004101177,3.38759329772,0.714119396965,1.73843623893
3.02458065301,2.68760047301,1.24514320388,1.68104469329,3.90021433685
0.962125663289,0.420423162922,3.71711084153,0.996989554032,1.40922834565
2.93269143678,2.14102717302,2.18323395641,1.73867705932,3.3992754051
2.39294083701,2.47201043777,6.32471283064,3.52801074568,1.21464082735
5.79865850789,5.53982488278,1.6549979491,4.48326093,6.75905890537
4.57209673107,4.30231058977,0.443592765385,3.24741384488,5.51703451537
1.68815711648,1.52943254536,5.41357352473,2.65495098294,0.290821731108
0.727075123083,1.53104096609,3.49080921535,0.838022480801,2.09549725272
0.759528382339,0.731805238401,4.35783303964,1.56216201291,0.811923631292
0.247178402619,1.4054129785,4.39053054413,1.59056194323,1.32653481665
0.15410297945,1.31631704295,4.00803010594,1.22391324662,1.57351666512
0.399442364145,1.62934064723,4.05264879245,1.3592185811,1.81413179344
0.587400302491,0.971306925216,3.6238166564,0.795366974095,1.64773908819
0.726184597937,1.10578202302,3.43826955418,0.619146772485,1.85343483853
1.74586501375,1.27713845462,5.2040447253,2.51962594571,0.382526804654
0.538085110522,1.65855956206,4.66101786234,1.87851147695,1.35809624772
0.411378600356,1.34656905664,3.75610291182,0.999178949817,1.78534702321
1.80467204888,2.24351978394,5.89396097186,3.06511054505,1.07767325657
1.51809441283,0.322867581408,4.17409561466,1.66546538491,1.14987311898
3.59203406149,3.47479772588,0.588331910754,2.30017243255,4.63549840437
0.104276436298,1.38889151633,4.18194741258,1.39890713526,1.49410817628
0.208368942471,1.34464898349,3.96727886649,1.19338882991,1.62832635563
0.479177954109,1.42079722704,3.71604371403,0.988619928028,1.86893520304
0.619193332796,1.67348095248,3.75322759645,1.13373025538,2.05079323542
0.957434021179,0.392153249656,3.76228296286,1.04252936029,1.36384305045
2.0519360938,1.92642771642,5.82235497442,3.06351765905,0.700375488359
0.758818826561,1.59671807907,4.89546985917,2.07678395445,1.04129631776
1.83525029365,0.691053427989,3.46302517861,1.3239138893,1.91579387774
0.719658057269,0.600240467018,3.82781231145,1.03471763773,1.32968634324
1.76541195747,0.868039367368,4.75723855129,2.20902092782,0.8165587641
0.757489558119,1.34497290447,3.39264903361,0.649881230997,2.02505481121
1.47443344688,0.249815333932,4.10485181229,1.58943999508,1.18660719981
0.0653714987997,1.2355423063,4.16926925762,1.35896676853,1.37103485692
0.854950911011,0.44008463464,3.87964456898,1.12659201767,1.25104628908
0.18376823656,1.31902258625,3.97932399866,1.19806658785,1.59834467931
1.39342122923,0.13901444783,3.83911195518,1.32789055571,1.38434431623
0.384367834445,1.24780184636,4.47285308326,1.64812042751,1.08407005562
1.08988296608,1.35392819112,3.05608511413,0.29650707172,2.23309554633
0.64089914455,1.36154383315,3.51850249714,0.780444423219,1.9561764213
0.400266067729,0.885760062572,4.06189251957,1.23388586272,1.2223200488
0.159578198984,1.12675504598,4.1176842233,1.29656429627,1.33076470083
3.53915252691,3.40410132672,0.620685463678,2.24025530299,4.56976885449
2.01269448156,2.09301789648,2.1404334663,0.772412076174,3.13474503824
0.499980578549,1.49714628182,4.64390536531,1.83461046272,1.18099432363
0.689193898417,0.625896001999,3.84279531686,1.04360219774,1.32234155029
1.52546941782,0.906380074988,4.83410355262,2.17016912568,0.484823995534
0.612268074899,1.60282137309,4.756660545,1.95193767352,1.19696656541
0.895482088154,1.50666046473,3.28306487193,0.636175901948,2.19924041476
2.63946872534,2.18676351374,1.76018628793,1.31131886841,3.41612165595
0.204933739557,1.0853880301,4.12754207877,1.30269508991,1.29057938668
1.85049681469,0.651511402154,4.34172495106,1.95894589025,1.26145554138
0.717767759453,1.01378721577,4.57840488106,1.75898396462,0.718390242945
0.41402817426,0.872471273282,4.00081909052,1.17283709857,1.27392288072
0.173063892035,1.40778910022,4.06429494868,1.29781099201,1.60591066705
1.07364434175,1.41661884618,3.0716848536,0.361953121072,2.26068888418
0.207908045848,1.31185308916,4.34518253272,1.53430734473,1.2769085712
0.59935560326,0.711204778449,3.86995244003,1.05549249215,1.3243131319
1.45616845118,0.710135565714,3.21896261745,0.791665258111,1.93557516354
0.447148398402,1.65836415066,4.52624974689,1.76345953053,1.47725350693
1.72680906021,0.771930004357,4.65220638292,2.11745909274,0.874769459739
0.263836931414,1.54144098188,4.17137413155,1.42955159748,1.64423416796
2.57557407291,1.92291438458,5.80387973209,3.24966999616,1.17859640911
0.258988754218,1.20618810643,3.8865353701,1.08608505506,1.58553812831
0.847821198621,1.13443632314,4.75030530765,1.93123865024,0.595231166782
0.923843729495,0.374711440732,3.86379063567,1.13364662833,1.26256880969
1.12972418345,0.792204581127,4.63782118226,1.89070313785,0.488747203966
0.820003394044,0.464900621185,3.97233238386,1.2093791679,1.16129196256
0.0852929570893,1.31322747258,4.22989709027,1.42777979625,1.38441518273
1.43576606568,0.403869055178,4.32118977423,1.74253956564,0.959077025572
1.08591482839,0.199512550103,3.9516608226,1.2807461956,1.1863331824
0.113232849563,1.29649000238,4.03990117812,1.24899389619,1.53178473418
0.955862692352,0.441269646134,4.19915249666,1.46308628992,0.926860612085
1.63727424106,2.05956201265,2.62778905582,0.75376995869,2.91918168191
0.108820105989,1.37232414556,4.23560268662,1.44394329422,1.43331520071
0.340494257967,1.41626624859,3.86870370812,1.12493229439,1.75930418135
1.65406005843,0.648500158503,3.34143073859,1.08108774763,1.90846120576
2.62904646867,2.20688988808,1.73087792725,1.29500353932,3.43003891236
1.99704342995,1.28588060046,5.19170540734,2.60693052486,0.731176897057
2.07368568796,1.89271836161,2.10906943542,0.731941857126,3.03248024612
0.64504596355,1.14542913535,3.50794403185,0.699059345812,1.82660231639
0.258255217532,1.14844906426,4.29635037221,1.47113182753,1.17609812364
0.353833656588,1.06213323902,3.83219767476,1.0110653897,1.53278045889
0.481754805112,1.50636272044,3.76983032215,1.0707565135,1.90032221655
0.708745410772,0.997651978147,4.55957725259,1.74056408719,0.72949877333
1.26848083309,0.440875961759,3.49969733236,0.935426335905,1.64626663457
1.12992005927,0.933327356226,3.17380230924,0.418824365522,1.97123887646
1.64151098922,0.863195014672,4.78458275665,2.1772388484,0.658247157856
0.0800260581357,1.34343231221,4.11097400599,1.3244808576,1.51284755191
0.962182539703,1.07493812836,4.7781070419,1.97260126733,0.472021795473
0.333028999471,1.46962734249,3.9221058005,1.19032173287,1.76501500331
0.166247770408,1.16068006954,4.20615433673,1.38508227346,1.27491114771
1.17187189833,0.972057368193,4.80367247227,2.03843258295,0.325953945182
0.956375747588,0.487158181921,3.64581238647,0.917316516182,1.48200422185
0.178873700284,1.46105350637,4.23360965809,1.46184583768,1.5182448521
2.90386243848,2.7244120262,1.24860592428,1.5807042515,3.89203390441
0.268825225399,1.48146428702,4.02413627481,1.2836547667,1.70081503433
0.77916390514,1.80096535784,4.91186835983,2.1228817175,1.30606032695
0.331077508897,1.61412383693,4.29463957546,1.55600216619,1.6197151108
1.44077598549,1.57055279755,2.70441539325,0.225544257878,2.55018685782
1.76541195747,0.868039367368,4.75723855129,2.20902092782,0.8165587641
0.237661312068,1.08335200409,3.97190359771,1.15061071331,1.4293228248
0.423382670122,1.7066446379,4.33377213511,1.61731801794,1.68480209441
2.89981379369,2.52842275854,6.4538881155,3.79105594965,1.47921391489
2.41613461904,1.4498069266,5.18822797952,2.79588328758,1.27187679161
1.08166756405,0.766507405281,3.31544993658,0.587214312549,1.81791919181
1.74382672661,1.90022368565,2.41057169422,0.553032613473,2.89407576397
0.0959817251087,1.34037896222,4.23731803228,1.43940265664,1.40245943022
1.69205482855,1.52012317093,5.40728958419,2.65136872114,0.287315872015
0.132250692674,1.41424193077,4.16160563809,1.38651722014,1.53388429113
1.07581519899,0.994450980221,4.77814674416,1.99474912353,0.381570391215
1.0734195779,0.466085310212,3.56868112667,0.88990302577,1.557734684
0.9897455155,0.294914452267,3.94183178765,1.23424719358,1.18554975346
0.68220605784,1.27394296809,4.72023356878,1.89115797976,0.818300490593
1.5208711987,0.971219992598,2.96708630249,0.58122985336,2.16696912005
1.07657436605,0.639982782917,4.48067894524,1.74426295362,0.647252935273
0.488970139263,1.45808918924,3.72651379729,1.01275665987,1.89072637201
1.58000168382,0.308593526665,4.0359035904,1.59018419308,1.31132321124
0.439983652669,1.65388808519,4.51815817228,1.75548508012,1.47913588587
4.43220589527,4.25327786997,0.332712056459,3.12983547932,5.44287040639
0.373877052643,1.39940328663,4.51472448032,1.70300944557,1.20037160649
2.51479983665,2.31440815912,1.6571652037,1.1793759365,3.47787563208
0.609887760343,1.10932913104,4.56851708092,1.74100010898,0.827963063251
0.673016119809,1.28758997087,3.47322828362,0.706351271683,1.93649079884
1.23004197208,1.61294292155,2.93301368173,0.419019744274,2.45964136377
1.03929833535,0.290357698208,3.80039546349,1.11560571489,1.32860895193
1.3415933524,1.59025634927,5.30926316149,2.49174147621,0.481231009682
2.24604248201,1.48753707014,2.54943231753,1.1316433608,2.74659362136
0.398168159259,1.35973877332,3.77509970176,1.02107846717,1.78180222378
0.440369064198,0.894100413237,4.19823617353,1.37177314428,1.0879240099
0.104053428436,1.2622493352,4.04080162183,1.24292199999,1.50344524534
1.66367248212,0.6738287305,3.31366589303,1.06568040523,1.93399768092
2.99219378072,2.73203216952,1.20134032626,1.65484652154,3.92480202018
0.496008380256,1.71367389505,4.55459539189,1.80156902094,1.51608422299
0.352375272943,1.28923439839,4.46471811237,1.64373682525,1.13509409777
0.194189991846,1.4737758775,4.16436677516,1.40417567095,1.58624532868
0.390595349622,0.943539813845,4.20340722946,1.37497041447,1.11461274206
0.228463730984,1.1615070195,4.277835003,1.45416149691,1.20589259341
1.00749657314,1.26557722168,3.14365114171,0.346106683108,2.1317878383
0.185943484877,1.4614197199,4.26137880592,1.48646306802,1.49550324538
0.447908519442,0.902641363519,4.2242505656,1.39787328917,1.06538456423
1.45118964448,0.685934681939,4.61469546669,1.9764833211,0.666183293126
0.679567607051,1.90973452042,4.66502981804,1.948114914,1.65652042606
1.60023131734,1.3944548675,2.63028372486,0.288506469462,2.50910338505
1.48386991482,0.318702706852,4.19718165397,1.66697714807,1.10726200601
1.45129329457,0.301209430097,3.66456822282,1.21098026518,1.55977652305
3.80428952136,3.68945754235,0.425868361919,2.51639054666,4.85236508508
0.452602133463,1.3011904693,3.7006164968,0.932543746241,1.79149749078
1.57867998322,1.02130373723,4.94821298423,2.27415461513,0.41189980916
0.765916955428,1.69331426133,4.91052807567,2.10289907329,1.15999280056
0.283525767796,1.20180716057,4.36028945417,1.53665372091,1.15831542778
1.82605307734,0.660560021961,4.39940047731,1.98631800401,1.1918651581
0.753830953407,1.50476237242,3.44553367426,0.783044331603,2.10310447506
0.662823778963,1.27991513639,3.48302282511,0.713307949816,1.92514579827
0.545745030726,0.8300277562,3.7808635129,0.954644005108,1.45248402614
0.164070808774,1.1228861383,4.12039901707,1.29882330571,1.32533149645
0.297283181457,1.50875098213,4.41339863129,1.63111768432,1.4124071659
0.184964414845,1.10860894941,4.04101299538,1.22048848609,1.38647924586
0.666517251517,1.35649320104,4.74754766021,1.91935506057,0.889412049487
0.123287422129,1.33380464316,4.05034307766,1.26685093601,1.55406246142
1.01203777436,1.48750829877,5.05495249502,2.22672395366,0.668931943238
0.30064993181,1.51807850962,4.02902687857,1.29975301479,1.72961628815
0.266152667296,1.27811858967,3.88389169845,1.09934851617,1.64041733458
1.14845895333,1.5234604003,3.00451883168,0.389560983664,2.364072747
0.578845750392,1.75451893162,3.94357639784,1.32421834028,2.00372602553
0.104276436298,1.38889151633,4.18194741258,1.39890713526,1.49410817628
0.361101682771,1.53602450729,4.48562834129,1.70033969542,1.37710507422
2.50915372053,2.24478323078,1.69959743802,1.16628974249,3.42664707458
1.30657764038,1.07417972021,2.97911184596,0.296441585749,2.15925984938
0.695715538881,0.999097255007,4.55125824673,1.73144064277,0.742391743413
0.281473032703,1.5019028011,4.03491510124,1.29955703918,1.71088516242
0.8598513113,1.39260214886,3.29242352847,0.574165730055,2.11721151499
0.407619314421,1.04670237422,3.77884899174,0.956499242014,1.56656437828
0.471896409434,1.7071915639,4.51326097265,1.7654056301,1.54313028963
0.989088880621,0.420766808672,3.68640719804,0.975984352196,1.43961297487
0.233622540732,1.06595063551,4.00753251116,1.18389513862,1.38632381679
1.90077557047,1.26758092569,2.67057491905,0.790089109758,2.50583097388
0.507796573998,1.64566789396,4.62707244686,1.84652822758,1.37371386492
1.68139463859,0.9243816591,3.01409292704,0.818270292894,2.1696211085
0.10130131259,1.18998893444,4.08217061366,1.26996880776,1.41124788278
2.1591110785,2.40210743101,6.17784893627,3.35925858015,1.15249457448
0.566566491551,0.730414611503,4.08848761384,1.27416577236,1.11681673902
1.35420750386,0.596678294562,4.52266031064,1.86878881286,0.700850319631
0.772546314503,0.942409864427,4.56088686898,1.74976571185,0.678185990669
0.83484185106,1.27582832631,3.30993632276,0.533659430212,2.03408823664
1.46227375208,0.403344115185,3.54678607445,1.11373984794,1.66314685408
0.452443791833,1.59751553909,3.90563100272,1.22437281455,1.88648982535
0.342340741572,1.62497828182,4.22660462384,1.50231224634,1.68304629487
1.93754352178,0.893510975105,4.68744381633,2.23972661173,1.06258727012
1.60631191114,1.21237817044,2.745623106,0.437838621421,2.38050044927
1.39422636209,0.114361185033,3.89515517362,1.37617124377,1.33484380582
1.01033671827,1.17743644431,4.87604811988,2.06582303803,0.438987713652
1.15438048064,0.616456130134,3.38916511655,0.733793358606,1.73698958739
0.448119300018,0.858567424922,4.13797794644,1.31240044645,1.13000508793
2.61491767321,1.87865293122,5.72545325406,3.2189117158,1.25334071227
1.74331880815,1.45260588722,2.52331911125,0.439649206059,2.60473378896
0.552601089698,1.05203829696,3.62356701814,0.801319130185,1.69018735106
1.65968759611,1.5524251751,5.42284304592,2.65392825318,0.297487370604
1.64356507935,0.575653676746,3.43435434773,1.15068383795,1.83233320468
1.53660299119,0.256089294062,3.88438007116,1.44648562277,1.41512257419
0.75586500576,0.881094760598,3.50665673712,0.6825730156,1.69855370944
0.857992375791,0.571337298401,3.66014563456,0.893344584798,1.47892121158
0.766834380606,1.17180850717,4.72117227613,1.89619418566,0.687593898997
0.226014344463,1.42746149702,4.36147045817,1.56836283582,1.375292817
0.505698064765,1.48581203643,3.72540762949,1.02318516748,1.91326380839
0.408818337275,1.50228130413,3.8573239021,1.14540084489,1.83781159458
0.605042458924,1.09230623358,4.55302951154,1.72584380098,0.830716442079
0.315622842731,1.20374432486,4.38985625667,1.56523547116,1.12941221286
0.527871904804,1.81243991795,4.35221396513,1.66859125062,1.7829166147
1.64833467314,0.640402026595,3.34859363383,1.08238108335,1.90036722004
1.25368422447,1.12463336505,4.95589379516,2.18265188563,0.188474924368
0.750049937194,1.19678005436,4.72504286892,1.89855613106,0.71350911142
0.312004472354,1.32280002952,3.85043489517,1.07973808256,1.69935598826
0.939719119842,0.629481068594,4.39310265309,1.63229883063,0.736142638288
0.941445117325,0.530791637459,3.61514090522,0.876425142549,1.51495726005
0.489352344722,1.60822247408,4.61890156591,1.83161454202,1.33700830499
0.972898134628,0.31266803038,3.96460225135,1.25005955577,1.16208173899
0.501385584653,1.67281538118,4.60213346501,1.83133237522,1.42795881859
0.710103037251,1.10299397109,3.45430957389,0.635339379035,1.84072831035
0.549146990022,1.28978462225,4.62672868434,1.7991006037,0.954935590659
0.715391395271,0.570282134747,4.00008137075,1.21127005765,1.15320990449
0.249665208474,1.51890672998,4.13685381311,1.39307769617,1.64959783154
1.02456150038,1.61152583502,3.17452179893,0.617653236788,2.33301883262
0.237684608865,1.52225608623,4.21979143597,1.46572071066,1.58801712988
1.36077097899,0.859875935505,4.76889849469,2.06446236819,0.421793202624
0.361778061971,1.43902841893,3.86073229766,1.12546361831,1.7833841029
0.566574409756,1.0815093577,3.59985238663,0.78117179837,1.72424921301
0.631307752396,0.912827418051,3.61147380188,0.782717245242,1.62968097115
0.118290829537,1.16678002123,4.09957471912,1.28353036325,1.3778558343
0.19220841976,1.19404347549,4.26929757316,1.44880773715,1.24232527504
0.814613425744,0.587795088679,4.24181811439,1.46592324416,0.898424592373
0.565512527681,1.17692987348,4.57859907349,1.74953424378,0.886800884447
0.289936243981,1.46168938167,4.42638746484,1.6330679826,1.35145340601
1.42433713988,0.63199765538,3.29694713487,0.844554878787,1.8609413213
0.107233940473,1.37582844207,4.22915787032,1.43880346391,1.44211837417
1.49329633818,0.932420060641,3.00670545271,0.593938225804,2.12741891309
0.383674016681,0.927436823906,4.15861230201,1.33017311536,1.15055148989
1.00627888513,0.516321738622,4.32378907302,1.58892803275,0.80286981216
0.359762121375,1.50475747827,3.92403361558,1.20430804214,1.79343231563
1.39722649794,0.113489066686,3.91429337434,1.39396000978,1.31905621713
0.407851940933,1.09528947106,4.3931753136,1.56415075602,1.02643373172
1.33759316213,0.920881253916,3.06597081709,0.480822456462,2.06009940474
1.65580808144,1.96903728815,5.68370644745,2.86049045567,0.781644207175
0.408818337275,1.50228130413,3.8573239021,1.14540084489,1.83781159458
0.411193334239,1.41668590579,3.78948635714,1.05366181625,1.81550278847
0.666305837049,1.47314970143,3.53123218666,0.843808142849,2.02772669156
0.303032462682,1.27466548307,4.41618718101,1.59640653966,1.17064382762
1.57083891695,0.980397999104,4.90825320552,2.24170557828,0.448278262269
0.151647962491,1.43617325813,4.18903970499,1.41629485545,1.53154521101
0.705718896563,1.54802331971,3.5267416869,0.878792262609,2.08679723625
0.806288466071,0.971796941217,4.60686469099,1.79622641791,0.637225545902
0.431345113388,0.939380062633,4.25537491541,1.42782064889,1.05610166113
0.819357615326,1.41231231716,3.33965003564,0.632006606568,2.10183993265
0.387200948643,1.27627590141,3.76227661498,0.983941083434,1.72970558161
1.18578151313,1.34819960637,5.08157770347,2.27198009112,0.354231766913
0.923843729495,0.374711440732,3.86379063567,1.13364662833,1.26256880969
1.57913579035,1.9549801875,2.64045086566,0.643640013047,2.83511414404
0.608260337263,1.04101960729,4.51783628246,1.69234270427,0.826417529309
1.27842642791,0.791098523106,3.19079018077,0.587992742239,1.93540295721
0.922585519346,1.55448354753,5.01854174737,2.19020278205,0.83057710599
0.312383060068,1.19638350846,4.38239331827,1.55753398026,1.13033050542
0.552895028408,1.58522562783,4.69600261235,1.89510944357,1.2355376852
0.739294357023,0.912464650653,4.51259708351,1.7010550374,0.721462828367
1.75730781006,2.41693334793,5.89821744763,3.07796599915,1.36175723137
1.5643303415,0.38201473212,3.64912847137,1.27181367402,1.62425650118
0.257130158721,1.51433314967,4.33845366531,1.56674728728,1.48291025
0.360762030687,1.58012994704,4.45458019805,1.68314790867,1.45246963218
1.34938333865,1.10188824793,2.93777437859,0.289331797662,2.19827815519
1.76158286075,1.35408976233,2.58919355644,0.525469720339,2.53850864967
1.52648388348,0.468304440586,4.36360060857,1.81538842481,0.978322740508
1.27695485639,0.814761919594,3.17289978617,0.562657340613,1.9530835709
0.432651939613,1.34712889682,3.73401450405,0.978779867262,1.80127343251
1.53616095858,0.935833855354,2.99669625128,0.63437464258,2.14366849052
0.590331627632,0.695564561126,4.02364416333,1.21239519525,1.16911715886
1.79604591,0.629395829839,4.37973633824,1.95710254903,1.18150275986
0.177113842814,1.10759182648,4.09526179082,1.27305508424,1.33692382725
1.27695485639,0.814761919594,3.17289978617,0.562657340613,1.9530835709
0.646867907914,1.10617120055,3.5144146248,0.697949212556,1.79995588962
1.72945358516,0.840571930346,4.73681784353,2.1790382028,0.797617439693
0.697179993477,1.29624063249,3.44930003173,0.68569041641,1.95761533175
0.591270048083,1.71075357269,4.70757208559,1.92968821165,1.37915076354
1.03437661406,0.942634961707,3.23669834545,0.440553398682,1.92604018082
0.242522633447,1.27889488483,4.36499549639,1.5486093532,1.22612053511
1.90077557047,1.26758092569,2.67057491905,0.790089109758,2.50583097388
7.64679456517,7.30019549765,3.50647734117,6.31857277412,8.54224622183
0.457892703665,0.855181399371,4.15238101958,1.32733694459,1.11303093414
1.21860851161,1.24703902834,2.96184614563,0.133153619,2.23520844816
1.4418470896,0.405069634569,3.53746103705,1.09103654399,1.66324075417
0.286930701727,1.4467496553,3.95776811907,1.21426812751,1.71989455393
0.309957398663,0.983365813063,4.11979172811,1.29082192337,1.22608911264
0.547876104539,1.44648621274,4.6804507274,1.86183506323,1.08120276703
1.57913579035,1.9549801875,2.64045086566,0.643640013047,2.83511414404
0.83602849986,1.44002561469,3.32849660484,0.637091670312,2.12711320697
1.63806547795,1.37783968242,2.61923877182,0.346440483205,2.51237756748
1.6628302834,0.465791852948,4.24821759642,1.79411594618,1.1847805369
0.357073264861,1.54732427662,3.98256161918,1.27001259251,1.78908063364
0.413415249826,1.62395114719,4.50190616068,1.73426902088,1.45964799029
0.477498016437,1.67696325922,4.56058761246,1.79713857392,1.46893528059
0.435003812671,1.63694892881,3.99699849997,1.3161978783,1.85979184238
0.145701719983,1.34390790385,4.03347969994,1.25378354205,1.57594637799
0.431001171,1.50932499328,4.57416181644,1.77370374525,1.26453737517
2.93269143678,2.14102717302,2.18323395641,1.73867705932,3.3992754051
0.606006070995,1.40562258342,3.56963265863,0.847729432697,1.95420740012
0.25858688652,1.31843057359,3.9032756709,1.12759620553,1.65645225385
1.27530227444,1.14050708143,2.9630622639,0.212310674303,2.19135994105
0.628535756814,1.06801740861,4.55340934522,1.7276215695,0.805849352168
1.52464713302,0.615899639211,3.32441903446,0.957079976098,1.8689944964
0.480233829015,1.34335852201,3.68291742218,0.929643242119,1.83394007973
1.73210690566,1.888048273,2.4214912001,0.540620144834,2.88130174486
3.11330265828,3.00918808864,1.038609711,1.81765922692,4.15711055191
0.342282894131,1.03714832825,3.86308934804,1.03922031706,1.49192128345
0.908273817135,1.40635616208,3.24329188016,0.532918430397,2.15521682731
0.488289402181,0.92704851701,4.30712773337,1.48145943037,0.989681458538
0.162263327191,1.41157205348,4.28497016776,1.49647364218,1.42741690057
0.552431223371,0.774143724101,4.16761959187,1.35071204288,1.05312041461
2.39294083701,2.47201043777,6.32471283064,3.52801074568,1.21464082735
0.842129296403,1.52260872279,3.35098091552,0.708442988046,2.17152615555
1.34246655867,0.312506021204,3.61683405439,1.09871599986,1.56108449026
2.30088139627,1.89616890238,5.82469781977,3.15078546593,0.866884464653
1.10703949782,0.539787560873,3.48060290371,0.810112357847,1.64558894137
5.66999203951,5.40943486022,1.52582053189,4.35357809538,6.62848066575
0.0653714987997,1.2355423063,4.16926925762,1.35896676853,1.37103485692
1.21117831619,0.673027937944,4.56321546303,1.85290710181,0.587233995532
0.972686322988,1.46888528227,3.18574629838,0.517813781543,2.22899931293
1.28805818238,0.966915346026,4.84205751529,2.10033936506,0.293487929563
0.435853629539,1.66028427421,4.50318482272,1.74445637673,1.49901278923
0.0225806054648,1.30270661107,4.13744171225,1.34049987052,1.45573732348
1.80545436535,1.46725791517,5.38621238479,2.67118087355,0.373221998425
0.172990203997,1.17826388045,3.98532032804,1.17574710487,1.48509369393
1.88787710658,0.657898052248,3.65161155094,1.49968212192,1.81537940734
1.27695485639,0.814761919594,3.17289978617,0.562657340613,1.9530835709
1.0734195779,0.466085310212,3.56868112667,0.88990302577,1.557734684
1.26199051447,0.29044306134,4.21471379089,1.58355589369,0.976023983582
0.177113842814,1.10759182648,4.09526179082,1.27305508424,1.33692382725
1.03370699134,1.38737514879,5.0180248776,2.19440817172,0.548516077621
0.391602228964,1.48908215288,3.86672693089,1.14865550084,1.82032160709
1.63249714156,0.952231591287,2.9772987416,0.727874616602,2.18312575665
1.98048349493,2.0908806435,2.17811170643,0.760276104846,3.11842421387
1.15670596062,1.61722034379,3.01923909114,0.492949106555,2.41835924358
0.389551218533,1.57384318941,3.97026836905,1.2693757292,1.82127366205
0.953903207118,1.08323504685,3.23766796847,0.408571187498,1.98043606477
1.06642426055,1.08648155364,4.84244133259,2.04710985725,0.368194641748
0.696849914613,1.00103362064,4.55358938484,1.733727349,0.740968474837
0.694444829065,1.19238386669,3.45321176029,0.65442211025,1.89144888597
0.917192231792,0.378757782724,4.02667556542,1.29096242918,1.09947004611
7.64679456517,7.30019549765,3.50647734117,6.31857277412,8.54224622183
1.80998831721,1.0708599803,4.98537774976,2.38834032971,0.657158573741
2.02807471629,1.43617025317,2.50376472101,0.839934006665,2.67290762011
0.138364584915,1.40828243037,4.2462451221,1.46099582951,1.45769491946
1.00806186425,1.40520549787,3.13848001721,0.42422516434,2.21551915153
0.953046750781,0.813027150806,3.37679752497,0.589891319033,1.77776266487
1.21141517847,1.61826397715,2.95586327074,0.442708288074,2.45154312527
0.377125808817,1.0059953056,4.27473926993,1.44570447895,1.0833628858
0.588629939074,1.70791938109,3.8470394529,1.2259080007,2.02247651808
1.09283501413,1.16726160889,4.91339145252,2.11240807067,0.348644126328
0.427851758502,0.857378159938,4.04643920208,1.21952449516,1.22168959049
0.478578413697,1.04026404832,3.70465739726,0.881698276854,1.62147558662
1.68684911095,0.785322757421,4.68478600249,2.12348795272,0.804031054815
1.06244253198,1.74398346114,3.20423161593,0.749536652446,2.41574460586
1.77351338275,0.506169226533,3.80080456947,1.52852910093,1.62772986891
0.448821074279,1.44312963714,3.76316890345,1.03970772842,1.85431895495
1.93869701764,2.2794022399,5.99465834617,3.16906078833,1.06455155992
0.392758603286,1.22088207786,4.46564217936,1.6394711135,1.06473935686
0.855433191358,0.633395986976,4.33417298507,1.55975076803,0.80454763327
1.54126973551,0.769056416936,3.16134431662,0.81425094232,2.0070251109
1.4048607575,1.27597318212,2.81113555059,0.140608586636,2.34438438596
1.82445056953,0.555249850021,4.11367251761,1.78492075488,1.42248737169
0.465145350105,1.71607477206,4.48096115263,1.74113831661,1.57945071218
1.63688889331,1.66685583862,2.51159268559,0.33968760156,2.70384089858
1.65459164921,0.405160943442,3.75531617529,1.41658418075,1.58816209586
0.600936079131,0.716596967632,4.14046549212,1.33010990884,1.05574060819
0.918270974467,1.24389532144,3.23094634114,0.434955125398,2.06557609356
0.603821383581,0.882646371762,3.66116210278,0.833071753721,1.57627270416
8.34903268769,8.02440572641,4.20459081911,7.02638914658,9.2640255879
2.27016975635,2.30926949058,1.88644547206,1.01541180228,3.37951638057
0.378763916075,1.39464658872,4.51847289936,1.70582937842,1.19140766634
1.20028571568,0.392264884263,3.5671532461,0.961642830781,1.57178824058
2.59154400471,2.74239019685,1.68142114401,1.42087625704,3.77655098923
4.29857757925,3.9598869484,0.4104326722,2.96087289031,5.18775879256
0.408818337275,1.50228130413,3.8573239021,1.14540084489,1.83781159458
2.91777416138,2.68611991542,1.25792881319,1.58387074303,3.86945059783
1.33371450822,1.84687712334,5.42374527675,2.59464573674,0.833248460169
2.02807471629,1.43617025317,2.50376472101,0.839934006665,2.67290762011
2.4169565607,1.62749592573,5.47050158248,2.97102780519,1.11328111691
0.583176969668,0.733566959641,4.14151609346,1.32876237602,1.06206944357
1.04225983146,1.2784956141,4.95930831271,2.14337696543,0.454517508111
1.37455043049,0.912387568109,3.05759536858,0.514040603356,2.06871855521
0.35280569649,1.55600359385,4.46209707351,1.68409880489,1.41980936666
1.04289166946,0.79528941862,4.60101491988,1.83752835273,0.528317691853
0.618239123602,1.66916477477,3.74945324828,1.1285055831,2.04941593441
0.208368942471,1.34464898349,3.96727886649,1.19338882991,1.62832635563
0.388769540876,0.907653460383,4.11706201769,1.2888163665,1.18041938419
0.842010499719,1.21987940421,4.80071438413,1.97663799463,0.630853524567
1.65494959387,2.14014893523,5.75353544502,2.92443684572,1.01917945786
0.33940016168,1.61562898578,4.33860716908,1.59350141159,1.58640249273
0.913692298569,0.581394786724,3.59208298448,0.837935032217,1.54276962723
0.379633228099,1.13828848092,4.40143118477,1.573185391,1.05605700247
0.455939131281,1.59898496495,4.58034852702,1.79618326386,1.36174741285
0.183409995116,1.46729499576,4.18953377141,1.42457208303,1.56008641541
0.676678236913,0.690910321231,3.7572411782,0.948899022302,1.42058223967
0.171311810512,1.45210255232,4.16481577304,1.3988390562,1.56587130075
0.297283181457,1.50875098213,4.41339863129,1.63111768432,1.4124071659
0.398168159259,1.35973877332,3.77509970176,1.02107846717,1.78180222378
1.09838358538,1.16705725943,3.08666355121,0.257662344859,2.11897096165
0.980460321246,1.47234571692,3.17800306871,0.512803023133,2.23564823474
0.893533446103,1.75629858224,5.03744531228,2.22519722211,1.11746906705
0.777338332317,0.509614898309,4.00331346158,1.22889843296,1.1368046699
0.314232507413,1.23921577136,4.40888843352,1.58621464844,1.14345477879
0.77590487645,1.54579772011,4.89926359986,2.07554802405,0.964628673978
0.258988754218,1.20618810643,3.8865353701,1.08608505506,1.58553812831
1.11652180613,1.4382587785,5.09626269854,2.27416837329,0.513069037637
1.33295026932,1.5711353996,2.81327871135,0.280709622034,2.49423665838
2.31501341723,2.13023584685,1.85786519244,0.977948400529,3.28187230956
0.435807193648,0.918717553276,4.23165203331,1.40458753118,1.06789535218
0.445486232152,1.37661344406,4.5739732216,1.75520973884,1.11379421919
0.644346740193,1.62761344724,4.78859807665,1.98430270228,1.19657032283
0.462897772536,1.71240106234,4.48240576634,1.74127835062,1.57420291755
0.77024138179,1.40344681111,3.39054520179,0.676708804651,2.06505165803
1.90392481867,0.968909002517,4.82365232395,2.31657335725,0.911197197078
0.565919245918,1.68870015326,4.68411952852,1.90482568122,1.37347593792
