2.9576574653985497,6.93033938020952,1.6907100543647373
0.25589821423163317,3.7167837005793367,1.5228456252654456
0.06905433872177642,4.041736253532746,1.1978930723120367
0.2937187466674622,3.6789631681435075,1.560666157701275
0.5492581813787227,4.5219400961896925,0.7176892296550897
1.0882349403727436,5.060916855183714,0.17871247066106882
0.34781654725384653,4.320498462064816,0.919130863779966
0.9766322802743964,4.949314195085367,0.29031513075941606
1.316287498472231,5.288969413283201,0.04934008743841821
0.7333224330817149,4.706004347892685,0.5336249779520976
1.973150281282326,5.9458321960932965,0.7062028702485137
1.4884541477703588,5.461136062581329,0.22150673673654658
1.4004840616031369,5.373165976414107,0.13353665056932468
1.0770570212087927,5.049738936019763,0.1898903898250198
0.1805270458031832,4.153208960614153,1.0864203652306292
1.1091426100239241,5.081824524834894,0.15780480100988833
0.6366085241059067,4.609290438916877,0.6303388869279057
0.6076493998758891,3.365032514935081,1.8745968109097015
0.2679393406045741,4.240621255415544,0.9990080704292383
0.03835211660686908,3.9343297982041006,1.305299527640682
1.3144204566323088,5.287102371443279,0.047473045598496216
0.31287714990566334,4.285559064716634,0.954070261128149
0.10323899443979728,3.8694429203711724,1.37018640547361
0.5479893605713664,4.520671275382337,0.7189580504624461
0.31822875124520555,4.290910666056176,0.948718659788607
0.7236026746961282,4.696284589507099,0.5433447363376843
0.9356187702361682,4.908300685047139,0.3313286407976442
0.5540929303655063,4.526774845176477,0.712854480668306
1.4407542370768311,5.413436151887801,0.17380682604301886
1.2460382016196907,5.218720116430661,0.020909209414121704
2.123047364717713,6.095729279528683,0.8560999536839005
0.7757077964639062,4.748389711274876,0.49123961456990617
0.49911521919482477,4.4717971340057945,0.7678321918389877
2.1033434178208696,6.07602533263184,0.8363960067870572
0.38589474347676145,4.358576658287731,0.8810526675570509
1.132357847053737,5.105039761864707,0.13458956398007554
0.9577045356491243,4.9303864504600945,0.3092428753846883
1.1484732298745512,5.121155144685521,0.11847418115926132
0.3459620475696349,4.318643962380604,0.9209853634641776
0.7625141349056302,4.7351960497166,0.5044332761281821
0.19658507064368982,3.77609684416728,1.4635324816775024
0.13723161886763902,4.1099135336786095,1.1297157921661731
0.5481401034639136,4.520822018274884,0.7188073075698989
0.9874654558749164,4.9601473706858865,0.279481955158896
1.0783292526182868,5.051011167429257,0.1886181584155257
1.286122236341816,5.258804151152786,0.01917482530800343
0.6431859165025241,4.615867831313494,0.6237614945312883
0.5098465172553296,3.46283539755564,1.7767939282891423
2.464769567810488,6.437451482621458,1.1978221567766758
1.2938239120304893,5.26650582684146,0.026876500996676458
1.0782102189242855,5.050892133735255,0.18873719210952705
0.8399014436333466,4.812583358444317,0.42704596740046585
1.424288664287589,2.5483932505233806,2.6912360753214015
1.0096321306504985,4.982314045461469,0.2573152803833139
0.9757755548091601,4.94845746962013,0.29117185622465236
0.10081447256126246,4.073496387372233,1.1661329384725494
1.1703920898840232,5.143074004694993,0.09655532114978928
0.4561794182834243,4.428861333094394,0.8107679927503881
0.26864195408125946,3.7040399607297103,1.5355893651150723
0.43052587867165626,4.403207793482626,0.8364215323621561
0.7169864937425264,4.689668408553496,0.549960917291286
2.057574045720009,6.030255960530979,0.7906266346861966
0.08604114131467554,3.886640773496295,1.3529885523484875
0.11157657608374963,3.8611053387272203,1.3785239871175623
1.929589460401771,5.902271375212741,0.6626420493679585
2.6742066433144824,6.646888558125452,1.4072592322806698
0.49347623045297634,3.4792056843579937,1.760423641486789
1.215382641348364,5.188064556159334,0.05156476968544876
0.3100927005278489,4.282774615338819,0.9568547105059635
2.243194868388044,6.215876783199015,0.9762474573542317
0.4482348064481093,3.5244471083628603,1.7151822174819218
1.784495030584052,5.757176945395022,0.5175476195502394
0.3996305948439476,4.372312509654917,0.8673168161898648
0.10059913933081573,4.073281054141786,1.166348271702997
1.103117995460794,5.075799910271764,0.16382941557301847
0.7939012031660659,3.1787807116449036,2.0608486141998785
0.5243994484957235,4.497081363306694,0.742547962538089
0.9238699216254083,4.8965518364363785,0.3430774894084042
1.2448991240729677,5.217581038883938,0.022048286960845376
1.5273390871032193,5.500021001914189,0.2603916760694069
0.19028454235037984,4.1629664571613505,1.0766628686834323
1.2687580403956287,5.241439955206599,0.0018106293618120463
0.718172660807522,4.690854575618492,0.5487747502262905
1.2094332250529318,5.182115139863901,0.057514185980880636
0.8871238763996087,4.8598057912105785,0.37982353463420376
1.4390048139669256,2.533677100844044,2.705952225000738
0.8788402637342575,4.851522178545228,0.388107147299555
1.2380322803311237,5.210714195142094,0.028915130702689168
0.4363118200726526,4.408993734883623,0.8306355909611598
0.8753873134910777,3.0972946013198928,2.1423347245248903
1.1704134756808753,5.143095390491846,0.09653393535293725
1.3176539870792219,5.290335901890192,0.05070657604540966
1.9329715149856057,5.905653429796575,0.6660241039517932
0.2375372378978856,4.210219152708856,1.0294101731359266
1.2856373712435283,5.2583192860544985,0.01868996020971657
0.19584702597277756,4.168528940783747,1.0711003850610348
0.9072996385239103,4.87998155333488,0.3596477725099022
1.3688449570978156,2.6038369577131544,2.6357923681316278
0.4540290422697985,4.426710957080768,0.812918368764014
0.965599271428633,3.007082643382337,2.2325466824624454
0.8929096080471143,4.865591522858084,0.3740378029866982
0.41904851606155996,4.3917304308725305,0.8478988949722525
1.541065377355023,5.513747292165993,0.27411796632121055
2.4270002977890233,6.399682212599993,1.160052886755211
1.005253317278328,4.9779352320892984,0.2616940937554845
0.4475569345043197,4.4202388493152895,0.8193904765294928
0.9789339951038254,4.951615909914795,0.28801341592998714
1.6944871869655833,5.667169101776554,0.4275397759317709
0.34816348967202665,4.320845404482997,0.9187839213617858
0.9023573377512989,4.875039252562269,0.3645900732825135
1.3876224465752407,5.360304361386211,0.1206750355414284
0.625868753321439,3.3468131614895307,1.8928161643552515
2.278762310134134,6.251444224945104,1.0118148991003213
1.3722216253418333,5.344903540152804,0.1052742143080209
0.4482348064481093,3.5244471083628603,1.7151822174819218
1.0301522501712814,5.002834164982251,0.23679516086253102
0.08949528152207714,3.8831866332888922,1.3564426925558901
1.0806546386810625,5.0533365534920325,0.18629277235275002
0.3372451102730665,4.309927025084036,0.9297023007607459
0.7156479959158197,4.6883299107267895,0.5512994151179926
1.39122519912207,5.36390711393304,0.12427778808825783
1.1496554786214859,5.122337393432456,0.11729193241232674
1.8367643646217862,5.809446279432756,0.5698169535879737
0.10194522234605417,3.870736692464915,1.368892633379867
0.19060156145709067,3.7820803533538796,1.457548972490903
0.275163802994416,4.247845717805387,0.9917836080393962
0.1852971845483746,4.157979099359345,1.081650226485438
0.23599778158471685,4.208679696395687,1.0309496294490956
1.5491094229717473,5.521791337782718,0.28216201193793483
1.4565834377090507,5.429265352520021,0.1896360266752385
1.21776285693419,5.19044477174516,0.04918455409962223
1.3346329748227854,5.307314889633756,0.06768556378897324
1.1853882029443215,5.158070117755291,0.081559208089491
0.27290989326877485,3.699772021542195,1.5398573043025874
1.776935375688518,5.749617290499487,0.5099879646547055
1.8792731776787437,5.851955092489714,0.6123257666449312
1.7585838037639747,2.214098111046995,3.0255312147977875
0.35642084608353913,4.329102760894509,0.9105265649502733
1.1593704880990598,5.13205240291003,0.10757692293475263
0.6276191386215463,4.600301053432516,0.6393282724122661
1.4773951391242384,5.450077053935209,0.21044772809042625
1.5583681639098739,5.531050078720844,0.29142075287606145
0.20490282102072652,3.7677790937902436,1.4718502320545392
0.40663912807968394,4.379321042890654,0.8603082829541284
1.5310010851594964,5.503682999970466,0.2640536741256839
1.1944210575919172,5.167102972402887,0.07252635344189551
0.7954174743629899,4.76809938917396,0.4715299366708225
1.094670082318154,5.0673519971291245,0.17227732871565823
1.1347080096130169,5.107389924423987,0.13223940142079565
0.4135884024452098,3.5590935123657603,1.680535813479022
0.3608832603250696,4.33356517513604,0.9060641507087428
1.3677513495505735,5.340433264361543,0.10080393851676117
0.7863244803246835,4.759006395135653,0.480622930709129
1.0967851486780795,5.06946706348905,0.1701622623557327
1.528583517578607,5.5012654323895775,0.2616361065447946
1.372283232753496,2.600398682057474,2.6392306437873083
1.654261341199787,5.626943256010757,0.3873139301659746
0.3630445556608293,4.3357264704717995,0.903902855372983
0.669477039837617,3.303204874973353,1.9364244508714297
1.4144460106419436,5.387127925452914,0.14749859960813116
2.0201307383917206,5.992812653202691,0.7531833273579084
1.7156956134507517,5.688377528261722,0.44874820241693925
0.32208351142787356,3.6505984033830963,1.5890309224616863
0.8406370930632188,4.813319007874189,0.4263103179705936
1.1151312209567172,5.0878131357676875,0.15181619007709526
1.4074288101777197,5.38011072498869,0.1404813991439072
1.9404842019062096,5.91316611671718,0.6735367908723973
0.8795845470545962,4.852266461865566,0.38736286397921627
0.5796326128659789,3.393049301944991,1.8465800238997911
0.5342816414355218,4.506963556246491,0.7326657695982907
0.4853613044235804,4.4580432192345505,0.7815861066102321
0.6934050391406732,4.666086953951643,0.5735423718931392
0.9792058473685507,4.9518877621795205,0.2877415636652619
0.9692084175086653,4.941890332319635,0.2977389935251472
1.8427165956013296,5.8153985104123,0.5757691845675172
1.9653437603704527,5.938025675181422,0.6983963493366402
1.2075365163530103,5.18021843116398,0.059410894680802094
0.5826869387764712,4.555368853587441,0.6842604722573413
0.5151434340327661,4.487825348843736,0.7518039770010463
0.6599233830662465,4.632605297877217,0.6070240279675659
1.9277500430788759,5.900431957889846,0.6608026320450634
1.2993805764437159,5.272062491254686,0.032433165409903715
0.8484120811904073,4.821093996001378,0.4185353298434052
1.2199966041620043,5.192678518972975,0.04695080687180813
1.2023668261205622,2.7703150886904075,2.4693142371543746
0.2964709575295722,4.269152872340542,0.97047645350424
0.6552527248051513,4.627934639616122,0.6116946862286612
0.79310504996532,4.76578696477629,0.4738423610684924
0.41956898877195803,4.392250903582928,0.8473784222618544
2.911444916133597,1.061236998677372,4.178392327167409
0.5057847049005334,4.4784666197115035,0.761162706133279
0.34993687024052383,4.322618785051493,0.9170105407932886
1.2814903865420009,5.2541723013529715,0.014542975508189292
1.0844298512221695,5.057111766033139,0.182517559811643
0.9129237079567346,4.885605622767705,0.35402370307707787
0.9249018335544599,4.89758374836543,0.34204557747935266
0.8867252854009192,4.859407200211889,0.38022212563289326
0.4740565782208179,4.446738493031788,0.7928908328129946
0.15451808639414394,4.1272000012051135,1.1124293246396684
0.14875028324216602,3.823931631568804,1.4156976942759785
0.9265801646822374,4.899262079493208,0.34036724635157517
1.6743093824991144,5.646991297310084,0.4073619714653019
1.699339060654644,5.672020975465614,0.4323916496208316
1.3180148399175082,5.2906967547284784,0.0510674288836955
3.695684696822038,0.2769972179889249,4.962632107855851
1.42544271438344,5.3981246291944105,0.1584953033496279
0.6331156636442229,4.605797578455193,0.6338317473895896
0.3316152216306688,4.3042971364416385,0.9353321894031436
0.33508402469079746,4.307765939501768,0.931863386343015
0.14483987449129374,3.8278420403196765,1.4117872855251061
0.8757039815791928,4.848385896390163,0.3912434294546196
1.1751315995790819,5.147813514390052,0.09181581145473071
1.8792731776787437,5.851955092489714,0.6123257666449312
0.5767397546681774,4.549421669479147,0.6902076563656351
1.9195651584602942,5.892247073271265,0.6526177474264817
1.2820427782048378,5.254724693015808,0.01509536717102598
3.192041684970732,0.7806402298402356,4.458989096004544
3.78844357942049,0.18423833539048104,5.055390990454302
0.7016672660059543,4.674349180816924,0.5652801450278582
1.6073103745292896,5.57999228934026,0.340362963495477
0.29749537417215177,4.270177288983121,0.9694520368616607
1.5766741577198884,5.549356072530858,0.30972674668607597
0.290421356713229,4.263103271524199,0.9765260543205835
1.8509632757818173,5.823645190592788,0.5840158647480047
1.3568048379222835,5.329486752733254,0.08985742688847081
0.4868283403032423,3.4858535745077273,1.7537757513370549
0.018400862657022923,3.954281052153946,1.2853482736908362
1.0686140866321532,5.041296001443124,0.1983333244016592
1.2005835749298537,5.173265489740824,0.06636383610395902
0.06510836386653666,3.907573550944433,1.3320557749003494
1.098127246959136,5.070809161770106,0.16882016407467637
0.3411095331404207,4.313791447951391,0.9258378778933917
0.12204307963681243,3.8506388351741574,1.388990490670625
0.47802782204100586,3.494654092769964,1.7449752330748185
0.5545993028088156,4.527281217619786,0.7123481082249968
0.6805108543633454,4.653192769174316,0.5864365566704671
0.12928677567800076,4.101968690488971,1.1376606353558116
1.0758765851428196,5.048558499953789,0.19107082589099278
0.8570079757888278,4.829689890599798,0.40993943524498466
0.7834797251914936,4.756161640002464,0.483467685842319
0.8328739197714515,4.805555834582422,0.4340734912623609
1.5654211483992644,5.538103063210235,0.29847373736545185
1.9804904200021243,5.953172334813095,0.7135430089683117
0.2994019733971718,3.6732799414137984,1.5663493844309841
0.6425609648377745,4.615242879648744,0.624386446196038
1.5497931673668237,2.422888747444146,2.816740578400636
1.7968790461417428,5.769560960952712,0.5299316351079304
0.5889440994808655,4.561626014291836,0.678003311552947
0.43787769148055056,3.5348042233304193,1.704825102514363
0.9969940949421295,4.969676009753099,0.2699533160916829
1.3563086206284847,2.616373294182486,2.623256031662297
0.7351263310026485,4.707808245813618,0.531821080031164
1.0992297781883473,5.0719116929993175,0.16771763284546523
0.8122672615266586,4.784949176337628,0.4546801495071538
2.034618812784698,6.007300727595668,0.7676714017508853
1.606118686215544,5.578800601026514,0.3391712751817317
1.1107009354195074,5.083382850230477,0.15624647561430505
0.16157416011247452,3.811107754698495,1.4285215711462873
1.42544271438344,5.3981246291944105,0.1584953033496279
0.08100699195079476,3.8916749228601746,1.347954402984608
0.14501506095510885,3.827666853855861,1.4119624719889214
2.278762310134134,6.251444224945104,1.0118148991003213
0.8375894936131768,4.810271408424147,0.4293579174206356
0.8291525879991992,4.801834502810169,0.43779482303461326
1.7113971135191581,5.684079028330128,0.4444497024853455
0.027298331249881236,3.945383583561087,1.2942457422836953
1.3626045482895128,5.335286463100483,0.09565713725570044
0.6201835841944847,4.5928654990054545,0.6467638268393278
1.2706303587655927,5.243312273576563,0.0036829477317806857
0.652542481748282,4.625224396559252,0.6144049292855305
1.7657688502197761,5.738450765030747,0.4988214391859637
1.3118620500535847,5.284543964864555,0.04491463901977207
0.3715542111252712,4.344236125936241,0.8953931999085412
0.5449521727283396,4.517634087539309,0.7219952383054727
2.3608546046802856,6.333536519491256,1.0939071936464733
1.707953649543987,5.680635564354957,0.4410062385101748
0.4353733141277866,4.408055228938757,0.8315740969060259
2.241691019685376,6.214372934496346,0.9747436086515635
0.12036666113411469,4.093048575945084,1.1465807498996978
1.0674290581707497,5.0401109729817195,0.19951835286306266
0.5580405146899378,4.530722429500908,0.7089068963438747
1.7515651702472352,5.724247085058205,0.4846177592134227
0.9178410224777418,4.890522937288711,0.3491063885560707
0.44238462877231705,3.5302972860386532,1.7093320398061294
2.0075915872423016,5.980273502053271,0.7406441762084891
0.5537048391819693,4.52638675399294,0.7132425718518431
0.29582079649618853,3.6768611183147817,1.562768207530001
0.9281869926769835,4.900868907487953,0.338760418356829
0.47335737353191343,3.499324541279057,1.740304784565726
1.5646690035295985,5.537350918340569,0.29772159249578606
0.5423912909364853,3.430290623874485,1.8093387019702978
0.49833844090489704,4.471020355715867,0.7686089701289154
1.0717459528060505,5.044427867617021,0.1952014582277619
0.8087507830758071,4.781432697886777,0.4581966279580054
1.1127163798493886,5.085398294660359,0.15423103118442374
0.12609926444779876,4.0987811792587685,1.1408481465860134
1.5754419165644442,5.548123831375414,0.3084945055306317
1.6832558065357366,5.655937721346707,0.416308395501924
0.6137435518919353,4.586425466702905,0.6532038591418772
0.7687445649786857,4.741426479789656,0.49820284605512677
0.2871247372825604,3.68555717752841,1.5540721483163726
0.3426421548137791,4.315324069624749,0.9243052562200333
1.4385390943102374,5.411221009121207,0.17159168327642502
0.02442352308773062,3.948258391723237,1.2913709341215454
1.0632711874835004,5.03595310229447,0.20367622355031206
0.8768161935840346,3.095865721226935,2.143763604617847
1.0362588443981962,5.008940759209167,0.2306885666356163
1.3451803877416924,5.317862302552663,0.07823297670788001
5.8279708356212065,1.855288920810236,7.09491824665502
1.051109261437599,5.02379117624857,0.2158381495962133
0.13111101257976232,4.103792927390732,1.1358363984540503
0.4937418125486337,4.4664237273596035,0.7732055984851788
1.4816359615122587,5.454317876323229,0.21468855047844626
0.7861146683417792,4.7587965831527494,0.48083274269203324
1.0144719797498427,4.987153894560813,0.2524754312839697
0.34781654725384653,4.320498462064816,0.919130863779966
1.9641634125150305,5.936845327326001,0.697216001481218
0.30243372166027793,4.275115636471249,0.9645136893735345
1.6711164048938998,5.64379831970487,0.4041689938600873
1.2410266299007844,5.213708544711754,0.025920781133028457
1.316999090500198,5.289681005311168,0.05005167946638548
1.0436478170228403,5.01632973183381,0.2232995940109723
1.6432790788787193,5.615960993689689,0.3763316678449067
0.6137435518919353,4.586425466702905,0.6532038591418772
0.5062771669249434,4.478959081735914,0.760670244108869
0.8478347032763686,4.820516618087339,0.41911270775744386
1.1779423052127465,5.150624220023716,0.08900510582106604
0.6222079938137973,4.594889908624768,0.6447394172200152
1.2820427782048378,5.254724693015808,0.01509536717102598
1.2799408499190517,5.252622764730022,0.012993438885239808
0.3090734055994681,3.6636085092115023,1.5760208166332803
0.507353877101599,4.480035791912569,0.7595935339322134
2.0050720773368966,5.977753992147867,0.7381246663030843
1.4230339904453013,5.395715905256272,0.15608657941148923
1.8706452076173135,5.843327122428283,0.6036977965835011
0.3372451102730665,4.309927025084036,0.9297023007607459
0.35563671395779395,4.328318628768764,0.9113106970760184
3.0531795511519606,0.919502363659009,4.320126962185773
0.6074165243204036,4.5800984391313735,0.6595308867134089
0.1123229817834634,4.085004896594433,1.1546244292503491
1.8660125854803813,5.838694500291351,0.5990651744465688
0.2426625866848463,4.215344501495816,1.0242848243489662
1.5991782770988319,5.571860191909802,0.3322308660650194
0.41904851606155996,4.3917304308725305,0.8478988949722525
1.488168385084723,5.460850299895693,0.22122097405091054
1.6796882420900128,5.652370156900983,0.4127408310562004
1.3722216253418333,5.344903540152804,0.1052742143080209
0.5403604347311461,4.513042349542116,0.7265869763026663
2.2714624397239076,6.244144354534877,1.0045150286900948
0.7328669368793845,4.705548851690355,0.5340804741544279
1.4350301245757617,5.407712039386731,0.16808271354194923
0.9617006559119462,4.934382570722916,0.3052467551218663
0.4862388064028559,3.486443108408114,1.7531862174366684
1.2353779603865234,5.208059875197494,0.031569450647289554
0.839179528205697,4.811861443016667,0.42776788282811556
0.8719576635557387,4.844639578366708,0.3949897474780738
0.7265925848678225,3.2460893299431475,1.9935399959016349
0.9583293324979901,3.0143525823129798,2.2252767435318024
1.8640108218077918,5.836692736618763,0.5970634107739793
1.21776285693419,5.19044477174516,0.04918455409962223
0.7599192702199453,4.732601185030915,0.507028140813867
1.136957554781227,2.835724360029743,2.4039049658150393
3.185658171701736,0.7870237431092307,4.452605582735548
2.1229901615512374,6.095672076362208,0.8560427505174247
0.5479893605713664,4.520671275382337,0.7189580504624461
1.1059228818812648,5.078604796692235,0.1610245291525478
0.9912051823496693,4.963887097160639,0.2757422286841432
1.0920143474055466,2.880667567405423,2.358961758439359
0.3996305948439476,4.372312509654917,0.8673168161898648
0.7015879794777096,4.674269894288679,0.5653594315561029
0.9354781409890083,4.9081600557999785,0.3314692700448042
1.1576515159194352,5.130333430730405,0.10929589511437725
1.8041471191464926,5.776829033957463,0.5371997081126801
0.5838641406529604,4.55654605546393,0.6830832703808519
1.8437440366778906,5.816425951488861,0.5767966256440781
0.6398069762563802,3.3328749385545895,1.9067543872901926
0.13313485961170726,4.105816774422678,1.1338125514221051
1.6503777512924134,5.623059666103384,0.38343034025860095
2.2572045810224934,6.229886495833463,0.9902571699886809
1.1928599175162453,5.165541832327215,0.07408749351756717
0.7069058292773427,4.6795877440883125,0.5600415817564698
0.4652263048948705,4.43790821970584,0.801721106138942
0.33998804462146265,4.312669959432433,0.9269593664123498
0.08220902357113345,3.890472891239836,1.3491564346049465
0.4475569345043197,4.4202388493152895,0.8193904765294928
0.4075253655858577,3.5651565492251125,1.67447277661967
2.067322365698817,6.040004280509787,0.8003749546650044
0.028948430389762043,4.001630345200733,1.2379989806440495
2.123047364717713,6.095729279528683,0.8560999536839005
0.18416558238322456,4.156847497194195,1.082781828650588
1.39122519912207,5.36390711393304,0.12427778808825783
1.1712411302141956,5.143923045025166,0.09570628081961682
1.1738026393802103,5.14648455419118,0.09314477165360215
1.2686150025422398,5.24129691735321,0.0016675915084286932
0.04654150541435436,3.9261404093966163,1.313488916448166
2.9576574653985497,6.93033938020952,1.6907100543647373
0.39501195142714174,4.3676938662381115,0.8719354596066707
1.3548032840031843,5.327485198814155,0.0878558729693719
0.10113983933037854,4.073821754141349,1.1658075717034333
1.784330011005728,5.757011925816698,0.5173825999719156
0.652542481748282,4.625224396559252,0.6144049292855305
2.279525056461418,6.252206971272388,1.0125776454276054
0.7382429817901944,4.710924896601164,0.528704429243618
0.27304206504496126,3.6996398497660086,1.5399894760787738
0.5074031478952137,3.4652787669157563,1.7743505589290263
0.65580550263715,4.62848741744812,0.6111419083966624
0.14813072965164484,3.8245511851593252,1.4150781406854576
0.5865109852179989,4.559192900028969,0.6804364258158134
1.6542654592221422,5.626947374033112,0.38731804818832977
0.27692863788098626,4.249610552691957,0.990018773152826
1.3301921561340113,5.3028740709449815,0.06324474510019897
0.7345135787143198,4.7071954935252895,0.5324338323194927
2.0763978371303073,1.8962840776806622,3.34334524816412
0.49107639686441795,4.463758311675388,0.7758710141693944
1.103117995460794,5.075799910271764,0.16382941557301847
0.652542481748282,4.625224396559252,0.6144049292855305
2.3506005928832936,1.622081321927676,3.617548003917106
1.4878073224969686,5.460489237307939,0.22085991146315603
0.4261417887710531,4.398823703582023,0.8408056222627593
0.6476936324947717,4.620375547305741,0.6192537785390407
0.7865437318739963,4.759225646684966,0.48040367915981613
0.31822875124520555,4.290910666056176,0.948718659788607
0.9784003843140584,4.951082299125028,0.288547026719754
2.0024254425233377,5.975107357334307,0.735478031489525
0.787637386123241,4.760319300934211,0.4793100249105715
1.6492003396640424,5.621882254475012,0.3822529286302301
1.0216128063043028,4.994294721115273,0.24533460472950958
0.15652395634787875,3.816157958463091,1.4234713673816912
1.7288941653680976,5.701576080179068,0.46194675433428506
0.7904612298342631,4.763143144645233,0.47648618119954933
1.4380971024521423,5.4107790172631125,0.17114969141832972
1.8287453052550569,5.801427220066027,0.5617978942212445
1.1620814152860754,5.134763330097045,0.10486599574773708
0.9985029222103956,4.971184837021366,0.2684444888234168
1.540769677445906,5.513451592256876,0.2738222664120936
0.28015916549475167,3.6925227493162183,1.5471065765285639
0.931824390652226,4.904506305463196,0.33512302038158653
0.7325860312176136,4.705267946028584,0.5343613798161989
0.598032930481719,4.570714845292689,0.6689144805520933
0.4746064198267711,4.447288334637741,0.7923409912070414
0.7846888460200194,4.757370760830989,0.482258565013793
0.6417421539502618,4.614424068761232,0.6252052570835507
1.0351268560664992,5.007808770877469,0.2318205549673133
0.9827146939276603,4.9553966087386305,0.2842327171061521
0.675950386152415,4.648632300963385,0.5909970248813976
0.3756556509843689,4.348337565795339,0.8912917600494435
1.3999128890700459,5.372594803881016,0.13296547803623343
1.1944210575919172,5.167102972402887,0.07252635344189551
2.639586327317662,1.3330955874933055,3.9065337383514747
1.3807770902727143,5.3534590050836846,0.11382967923890203
1.3342694837214895,5.30695139853246,0.06732207268767737
0.6753210916543569,4.648003006465327,0.5916263193794555
1.132357847053737,5.105039761864707,0.13458956398007554
1.8556632147298076,5.828345129540778,0.5887158036959951
1.3568048379222835,5.329486752733254,0.08985742688847081
1.2878984998944445,5.260580414705415,0.02095108886063239
0.6004332185419534,3.3722486962690166,1.867380629575766
1.2004894392793193,5.1731713540902895,0.06645797175449342
1.328599516616905,5.301281431427875,0.061652105583092254
0.7543680388453202,4.72704995365629,0.5125793721884923
0.21592204916226507,3.7567598656487053,1.4828694601960775
1.339865630679279,5.312547545490249,0.07291821964546674
2.279525056461418,6.252206971272388,1.0125776454276054
1.7870034447542666,5.759685359565236,0.5200560337204542
1.553084035889548,5.525765950700518,0.2861366248557354
0.9801298014363056,4.952811716247275,0.28681760959750685
0.8570079757888278,4.829689890599798,0.40993943524498466
1.2398841417539348,5.212566056564905,0.027063269279877865
5.858318671378414,1.885636756567443,7.125266082412227
0.8196511872784439,4.792333102089414,0.44729622375536865
1.773853184054592,5.746535098865562,0.5069057730207793
0.5423912909364853,3.430290623874485,1.8093387019702978
1.683595449990227,5.656277364801197,0.4166480389564145
0.032427556847160297,4.00510947165813,1.234519854186652
0.9467371459342734,4.919419060745243,0.32021026509953915
0.7328291987177745,4.705511113528744,0.534118212316038
1.9897707564905938,5.962452671301564,0.7228233454567812
1.4726925619092162,5.445374476720186,0.20574515087540368
1.6443331290412655,5.617015043852236,0.3773857180074531
0.8701203767803322,4.842802291591302,0.39682703425348026
0.2423570143347368,3.730324900476233,1.5093044253685495
0.8764337585573764,4.849115673368346,0.3905136524764361
0.37047292261586523,4.343154837426835,0.8964744884179473
1.0362588443981962,5.008940759209167,0.2306885666356163
0.1504457589759131,3.822236155835057,1.4173931700097255
0.3209438379611128,3.651738076849857,1.5878912489949253
1.1643746726429214,5.137056587453891,0.10257273839089127
0.6944319725025178,4.667113887313488,0.5725154385312947
0.7412666120468708,4.713948526857841,0.5256807989869416
0.6013258162469297,3.37135609856404,1.8682732272807423
1.4979166051198152,2.4747653096911546,2.7648640161536275
1.108140914176125,2.8645410006348446,2.375088325209937
0.625868753321439,3.3468131614895307,1.8928161643552515
1.4560312557997048,5.428713170610675,0.18908384476589246
1.4298560849682433,5.402537999779213,0.16290867393443076
1.4230339904453013,5.395715905256272,0.15608657941148923
1.0806546386810625,5.0533365534920325,0.18629277235275002
1.5089662841956564,5.481648199006627,0.2420188731618441
1.3801029799500597,2.5925789348609105,2.647050390983872
0.06210912393740438,3.910572790873566,1.3290565349712167
0.21503086642529576,4.187712781236266,1.0519165446085168
1.1240049634457108,5.096686878256681,0.14294244758810162
0.5628722392427399,4.53555415405371,0.7040751717910726
4.916975949334813,0.9442940345238429,6.183923360368626
0.15652395634787875,3.816157958463091,1.4234713673816912
0.6617286626813181,4.634410577492289,0.6052187483524943
0.1569001679058633,4.1295820827168335,1.1100472431279493
0.4813810060401039,4.454062920851074,0.7855664049937084
1.3464808710431782,2.6262010437677916,2.6134282820769905
3.5914092669959605,0.38127264781500536,4.8583566780297724
0.8025604314669501,4.7752423462779205,0.46438697956686237
4.834967412162961,0.8622854973519903,6.101914823196774
0.18301745144026055,4.1556993662512305,1.083929959593552
0.909916396724784,4.882598311535754,0.35703101430902845
0.05405785939540395,4.026739774206375,1.2128895516384075
0.65580550263715,4.62848741744812,0.6111419083966624
0.8987037971680073,4.871385711978977,0.3682436138658051
0.8801367289635401,4.85281864377451,0.38681068207027225
1.2353779603865234,5.208059875197494,0.031569450647289554
0.9362052330021795,3.0364766818087907,2.203152644035992
0.3790029036316334,4.351684818442604,0.887944507402179
1.0717459528060505,5.044427867617021,0.1952014582277619
0.11040992072280596,4.083091835533777,1.156537490311006
0.20490282102072652,3.7677790937902436,1.4718502320545392
0.17427519659284108,4.146957111403811,1.092672214440971
0.7213634745264227,4.694045389337393,0.5455839365073898
0.279689569028148,3.6929923457828218,1.5466369800619606
3.0487926132320413,0.9238893015789269,4.315740024265853
0.032427556847160297,4.00510947165813,1.234519854186652
0.6726100762583997,4.64529199106937,0.5943373347754127
0.44568122543631217,4.4183631402472825,0.8212661855975002
0.9316764425348683,4.9043583573458385,0.3352709684989442
1.326805034777648,5.299486949588618,0.05985762374383559
0.9258101876945019,4.898492102505472,0.3411372233393106
0.5946325494987027,4.567314464309673,0.6723148615351098
1.1984793063450996,5.17116122115607,0.06846810468871292
0.4180457499117974,3.5546361648991724,1.6849931609456101
0.5516971347568661,4.524379049567837,0.7152502762769463
0.2942283999990399,4.26691031481001,0.9727190110347724
0.9080919834043348,4.880773898215305,0.35885542762947764
1.3474738548480067,5.320155769658977,0.08052644381419437
1.0882349403727436,5.060916855183714,0.17871247066106882
1.2304229077035038,5.203104822514474,0.036524503330308884
0.6138783619296828,4.586560276740653,0.6530690491041297
0.9764035992106871,4.949085514021657,0.2905438118231254
1.3015610054863014,5.274242920297271,0.03461359445248936
2.5671741789022855,6.539856093713256,1.3002267678684731
0.8577625292651248,4.830444444076095,0.4091848817686877
0.7353863252422517,4.708068240053222,0.5315610857915608
0.8993935838901296,4.8720754987011,0.36755382714368284
0.5150594668989423,4.487741381709912,0.7518879441348701
2.3177018143704604,6.29038372918143,1.0507544033366478
0.5825403903772289,3.3901415244337407,1.8494878014110416
0.6847298247431156,3.2879520900678543,1.951677235776928
0.9198087366467836,4.892490651457754,0.34713867438702883
0.9334916459472986,4.906173560758268,0.33345576508651387
1.0179507200390843,4.990632634850054,0.24899669099472818
0.7689353863354315,4.741617301146402,0.49801202469838096
0.9453432641653832,3.0273386506455866,2.2122906751991955
1.9018319501636587,5.874513864974629,0.6348845391298463
0.8757039815791928,4.848385896390163,0.3912434294546196
1.7144962201014682,5.687178134912438,0.44754880906765593
1.3450663542129155,2.6276155605980542,2.612013765246728
0.10081447256126246,4.073496387372233,1.1661329384725494
1.2820427782048378,5.254724693015808,0.01509536717102598
1.4757584011824068,5.448440315993377,0.2088109901485943
0.04757762708298162,4.020259541893951,1.2193697839508308
0.5611101308285232,4.533792045639493,0.7058372802052891
1.889149275046565,2.083532639764405,3.156096686080377
0.4640077444995335,4.436689659310503,0.8029396665342788
1.254047357091305,5.2267292719022755,0.01290005394250762
0.7388601402068037,4.711542055017774,0.5280872708270088
0.5848373147900969,4.557519229601067,0.6821100962437155
1.858856627534696,5.831538542345666,0.5919092165008835
2.4578453859968556,1.5148365288141135,3.724792797030668
1.1420596302425978,5.114741545053568,0.12488778079121468
2.2844768814954683,1.6882050333155008,3.5514242925292807
1.0956858317314415,5.068367746542411,0.17126157930237093
0.4813810060401039,4.454062920851074,0.7855664049937084
1.2723602502673517,5.245042165078321,0.005412839233539243
1.2199966041620043,5.192678518972975,0.04695080687180813
1.2166712450271127,5.189353159838083,0.050276166006699805
1.5858903583434611,5.558572273154431,0.3189429473096488
1.1241608946581514,5.096842809469122,0.14278651637566114
2.120964183969792,6.093646098780762,0.8540167729359797
1.20254028156782,5.17522219637879,0.06440712946599264
1.3436954081198293,5.3163773229308,0.07674799708601687
0.9559372372862087,4.928619152097179,0.31101017374760376
0.8873345489301807,4.86001646374115,0.3796128621036318
1.5494038528830545,5.5220857676940245,0.2824564418492421
0.03687683300811384,4.009558747819085,1.230070578025697
1.3073188146551518,5.2800007294661215,0.04037140362133924
1.553084035889548,5.525765950700518,0.2861366248557354
0.8450944071921889,4.817776322003159,0.42185300384162366
1.3322854505305375,5.304967365341508,0.0653380394967251
1.0242751093459974,4.996957024156967,0.24267230168781515
1.8569478118803469,5.829629726691317,0.5900004008465344
0.8355278535474936,4.808209768358464,0.43141955748631894
0.32572793382318344,4.2984098486341535,0.941219477210629
0.6845478254298962,4.657229740240866,0.5823995856039162
0.5611608306532277,4.533842745464198,0.7057865803805847
1.316999090500198,5.289681005311168,0.05005167946638548
0.598032930481719,4.570714845292689,0.6689144805520933
0.7636192161917252,4.736301131002695,0.5033281948420872
0.040282105978281274,4.012964020789253,1.2266653050555292
1.0992297781883473,5.0719116929993175,0.16771763284546523
0.8896845350731861,4.862366449884156,0.3772628759606263
0.2368683508631573,3.7358135639478127,1.5038157618969699
0.496967271692327,4.469649186503297,0.7699801393414855
0.22567168416134137,3.7470102306496287,1.492619095195154
1.0887277552297028,5.061409670040673,0.17821965580410984
0.028948430389762043,4.001630345200733,1.2379989806440495
0.20125696557169384,3.7714249492392757,1.4682043766055066
1.6118756798591858,5.584557594670156,0.3449282688253733
1.4009316430124157,5.3736135578233855,0.13398423197860326
0.5248603976431634,4.497542312454133,0.7420870133906491
0.6840438814973127,4.656725796308283,0.5829035295364998
0.6409847524560567,4.613666667267027,0.6259626585777558
1.8069523917375334,5.779634306548504,0.5400049807037209
1.2820427782048378,5.254724693015808,0.01509536717102598
2.7071139675100477,1.2655679473009205,3.97406137854386
0.8435745374284341,4.816256452239404,0.42337287360537834
0.8902934124322801,4.86297532724325,0.37665399860153237
0.26680411808339344,4.239486032894363,1.000143292950419
1.1995273608813959,5.172209275692366,0.06742005015241652
1.3381525659153535,5.3108344807263235,0.07120515488154136
0.6442037298608635,3.328478184950106,1.9111511408946762
0.3614590480254941,4.334140962836464,0.9054883630083183
2.0931627301943516,6.065844645005321,0.826215319160539
0.9052974203811329,4.877979335192103,0.3616499906526795
0.8719576635557387,4.844639578366708,0.3949897474780738
0.041956195915178095,4.014638110726148,1.2249912151186344
0.7033139078404872,4.6759958226514575,0.5636335031933253
0.680088049452582,4.652769964263552,0.5868593615812304
1.6372466576375853,5.609928572448555,0.3702992466037728
0.4945311329950765,4.467213047806046,0.7724162780387358
0.726445265942602,4.699127180753572,0.5405021450912105
0.10710813287794815,3.8655737819330214,1.3740555439117608
1.9457851566643691,5.918467071475339,0.6788377456305567
1.4238987872161715,5.3965807020271415,0.15695137618235913
0.5209660981651352,4.493648012976105,0.7459813128686773
0.5987070823104282,4.571388997121398,0.6682403287233842
2.3645817556617095,6.337263670472679,1.0976343446278969
0.4488881467980448,4.421570061609015,0.8180592642357677
0.3231218851909527,4.295803800001923,0.9438255258428596
0.24170599456804168,4.2143879093790115,1.0252414164657708
0.3976577671979612,3.575024147613009,1.6646051782317735
1.6203076601480715,5.5929895749590415,0.35336024911425923
1.1522534559513011,5.124935370762271,0.11469395508251144
0.2727304789776567,4.2454123937886274,0.9942169320561557
0.21053841906412965,4.1832203338750995,1.056408991969683
1.56013617973979,5.53281809455076,0.29318876870597743
1.4580946735827414,5.430776588393711,0.19114726254892875
0.5994335567983036,4.572115471609274,0.6675138542355089
2.0050720773368966,5.977753992147867,0.7381246663030843
0.684499377699643,4.657181292510613,0.5824480333341695
0.34993687024052383,4.322618785051493,0.9170105407932886
1.3138323691468106,5.286514283957781,0.04688495811299845
1.7265122602734575,5.699194175084427,0.4595648492396451
0.9369124207845578,4.909594335595528,0.3300349902492547
1.0216128063043028,4.994294721115273,0.24533460472950958
0.850132831085374,4.822814745896344,0.41681457994843846
0.35306282899671043,4.325744743807681,0.913884582037102
0.5649578151645726,4.537639729975543,0.7019895958692399
0.9024953287342425,4.875177243545212,0.36445208229957
0.2942283999990399,4.26691031481001,0.9727190110347724
0.4701785428961923,4.442860457707162,0.79676886813762
1.205917112866544,5.178599027677514,0.061030298167268605
0.7029657735761974,4.675647688387167,0.5639816374576151
0.8919531923465841,4.864635107157555,0.3749942186872283
0.3245731113873998,3.64810880342357,1.5915205224212121
2.4655029651463116,6.438184879957282,1.1985555541124988
0.9911381635002389,4.963820078311209,0.2758092475335736
0.8002666115256736,4.772948526336644,0.46668079950813895
0.05057319995166686,3.9221087148593026,1.3175206109854798
0.6781371620229826,4.650819076833953,0.5888102490108299
1.9820536906272963,5.954735605438267,0.7151062795934837
2.133553162661072,1.8391287521498971,3.4005005736948846
1.100161770223313,5.072843685034283,0.16678564081049949
0.36251901617508714,4.335200930986057,0.9044283948587253
1.4878073224969686,5.460489237307939,0.22085991146315603
0.4443871887181575,4.417069103529127,0.8225602223156548
0.7717603336848282,4.744442248495798,0.4951870773489842
1.6425654111713686,5.615247325982339,0.37561800013755603
0.6087091460754589,3.363972768735511,1.8756565571092714
1.6906453417440064,5.663327256554976,0.423697930710194
0.6025007444258416,4.575182659236812,0.6644466666079709
1.04142498911716,5.0141069039281305,0.22552242191665248
3.170382567942847,7.143064482753817,1.9034351569090344
0.025953804459307814,3.9467281103516627,1.2929012154931199
1.3270102543635127,5.299692169174483,0.06006284332970048
2.662984957022237,6.635666871833207,1.3960375459884247
1.3162339839654265,5.288915898776397,0.049286572931614134
0.2086598619780127,4.181341776788983,1.0582875490557997
3.170382567942847,7.143064482753817,1.9034351569090344
1.4277918948480899,5.40047380965906,0.16084448381427735
0.6189631578743412,4.591645072685312,0.6479842531594713
1.1433529828293594,5.116034897640329,0.1235944282044531
0.01562841626487166,3.9883103310758443,1.251318994768938
2.832128139115981,1.1405537756949897,4.099075550149793
0.6257727102411701,4.59845462505214,0.6411747007926423
1.6506762191828344,2.3220056956281354,2.9176236302166467
1.9151480110012464,5.887829925812216,0.648200599967434
6.212350395820403,2.239668481009434,7.479297806854215
3.8581069876430854,0.11457492716787934,5.125054398676898
1.8197602142071259,5.792442129018096,0.5528128031733133
0.8484120811904073,4.821093996001378,0.4185353298434052
1.7397164549869182,5.712398369797889,0.4727690439531058
0.7612800278255002,4.73396194263647,0.5056673832083122
1.5991782770988319,5.571860191909802,0.3322308660650194
0.679260692882901,4.651942607693871,0.5876867181509113
1.2687580403956287,5.241439955206599,0.0018106293618120463
0.19731020028678456,4.169992115097755,1.0696372107470278
1.2895873840778806,5.26226929888885,0.022639973044068933
1.8706159269319067,5.843297841742877,0.6036685158980943
0.939146344425026,4.911828259235996,0.32780106660878644
0.62673097843497,4.59941289324594,0.6402164325988423
1.0581155759161007,5.030797490727071,0.2088318351177118
3.783325882435801,0.1893560323751692,5.050273293469614
0.7773622998493753,4.750044214660345,0.4895851111844372
1.2679550391906875,5.2406369540016575,0.0010076281568616842
0.8007232662368972,4.773405181047867,0.4662241447969153
0.804463676843043,4.777145591654013,0.46248373419076944
0.5730016843650222,4.545683599175993,0.6939457266687902
1.747586902006175,5.720268816817145,0.4806394909723626
1.6279737282246347,5.600655643035605,0.3610263171908223
0.14700437068012498,3.8256775441308446,1.4139517817139378
0.7636192161917252,4.736301131002695,0.5033281948420872
1.8473275339773678,5.820009448788338,0.5803801229435553
0.9882634435482377,4.960945358359208,0.2786839674855748
0.9610593852225109,4.933741300033481,0.3058880258113016
0.9822914496046143,4.954973364415585,0.28465596142919813
1.0754079508623273,5.0480898656732975,0.19153946017148515
0.7827168374147615,4.755398752225732,0.484230573619051
0.5296190544781696,4.50230096928914,0.7373283565556429
1.2495415618944634,5.222223476705434,0.017405849139348742
0.12517513396497645,4.097857048775946,1.141772277068836
0.6227764947471051,4.595458409558075,0.6441709162867073
1.1694623166050857,5.142144231416055,0.0974850944287267
0.7276929306090824,4.700374845420052,0.5392544804247301
3.3420415712863467,0.6306403435246237,4.608988982320159
0.3969992502612973,3.5756826645496727,1.66394666129511
0.9461386468445762,4.918820561655546,0.3208087641892364
1.204946576992417,5.177628491803387,0.06200083404139531
2.335589156255675,6.308271071066645,1.0686417452218624
1.1241608946581514,5.096842809469122,0.14278651637566114
0.7541234249270525,4.726805339738022,0.5128239861067599
1.3853092913441745,2.587372623466796,2.652256702377987
1.2461921786997103,5.2188740935106805,0.02075523233410241
0.8732755280162018,4.845957442827172,0.39367188301761064
1.1829221876372018,5.155604102448172,0.08402522339661088
0.9467371459342734,4.919419060745243,0.32021026509953915
1.1017680356316173,5.074449950442587,0.1651793754021953
0.6006152530111302,4.5732971678221,0.6663321580226823
1.1704134756808753,5.143095390491846,0.09653393535293725
0.5841309460476427,4.556812860858613,0.6828164649861697
0.023162265870485668,3.9495196489404805,1.290109676904302
1.4072267715380167,5.379908686348987,0.14027936050420428
1.1566105505941422,5.129292465405112,0.1103368604396702
1.497977563549243,5.470659478360213,0.23103015251543058
2.5182241750327585,6.490906089843729,1.251276763998946
0.8401389683402086,4.812820883151179,0.42680844269360385
0.7830840662068439,4.755765981017814,0.4838633448269686
1.1340938557246856,5.106775770535656,0.13285355530912693
0.4637459176720584,4.436427832483028,0.8032014933617541
0.45002740075943337,4.422709315570403,0.8169200102743791
0.7263724506514784,4.699054365462448,0.5405749603823341
1.4021738746402947,5.3748557894512645,0.13522646360648255
0.8677489166295215,4.840430831440491,0.39919849440429095
1.6789531885817874,5.651635103392757,0.412005777547975
1.8591982642990317,5.8318801791100014,0.5922508532652192
0.47335737353191343,3.499324541279057,1.740304784565726
0.94115362934355,4.91383554415452,0.3257937816902626
0.6524373385678787,4.625119253378849,0.6145100724659338
0.19320060091673158,4.165882515727702,1.0737468101170804
1.4517587556676632,2.5209231591433063,2.718706166701476
2.486434760503842,6.459116675314813,1.2194873494700298
1.4216533349667335,2.551028579844236,2.688600746000546
0.7632099156247947,4.735891830435765,0.5037374954090177
1.7420744790943186,5.714756393905289,0.4751270680605061
0.02442352308773062,3.948258391723237,1.2913709341215454
0.6626018835872329,4.635283798398203,0.6043455274465795
0.5478756383718199,4.5205575531827895,0.7190717726619926
0.5830639342215997,4.5557458490325695,0.6838834768122127
0.08047640559581437,3.8922055092151555,1.347423816629627
2.0465384453132387,6.019220360124209,0.7795910342794264
0.9555543693889891,4.928236284199959,0.3113930416448234
0.7556287200462183,4.728310634857189,0.5113186909875942
0.7722451987831161,4.744927113594087,0.4947022122506963
1.542777381870607,5.515459296681577,0.2758299708367944
1.9457851566643691,5.918467071475339,0.6788377456305567
1.1622000628095068,5.134881977620477,0.10474734822430581
1.1482413146253811,5.120923229436351,0.11870609640843147
1.8442653131803326,2.1284166016306374,3.111212724214145
1.2144161120024466,5.187098026813416,0.052531299031365886
1.182305117426316,5.154987032237286,0.0846422936074965
1.5467521712014636,5.519434086012434,0.2798047601676512
0.5894736570420293,3.3832082577689406,1.8564210680758415
1.8473275339773678,5.820009448788338,0.5803801229435553
1.3071445220754159,5.279826436886386,0.0401971110416037
0.30911447952066934,4.281796394331639,0.957832931513143
3.033233377341039,7.005915292152009,1.7662859663072266
1.000779034959261,4.973460949770231,0.26616837607455157
0.412255702226036,4.384937617037006,0.8546917088077763
0.6941909022809645,3.2784910125300053,1.9611383133147768
0.20776539835116625,4.180447313162136,1.0591820126826461
1.9067166266364213,5.879398541447391,0.6397692156026087
0.8757039815791928,4.848385896390163,0.3912434294546196
1.042634109948502,5.015316024759472,0.22431330108531058
0.17563045455128412,3.7970514602596857,1.4425778655850965
1.1190868765831619,5.091768791394132,0.14786053445065062
1.6555947722511495,5.62827668706212,0.3886473612173369
0.19442863233259974,3.77825328247837,1.4613760433664122
1.9626381780155102,5.935320092826481,0.6956907669816979
0.6753210916543569,4.648003006465327,0.5916263193794555
0.5110818628843764,4.483763777695347,0.7558655481494361
1.4254701291429541,5.398152043953924,0.1585227181091414
3.929016227934635,0.0436656868763065,5.195963638968447
0.03473923050693771,3.937942684304032,1.3016866415407504
1.1582293114577635,2.8144526033532062,2.425176722491576
1.5310010851594964,5.503682999970466,0.2640536741256839
0.6619175299050396,4.6345994447160095,0.605029881128773
0.59153947188183,4.5642213866928,0.6754079391519825
1.0436478170228403,5.01632973183381,0.2232995940109723
1.784330011005728,5.757011925816698,0.5173825999719156
1.6577420771308027,2.3149398376801664,2.924689488164615
0.6938797023854366,4.666561617196407,0.5730677086483759
1.3384543830017062,5.311136297812676,0.07150697196789337
1.6262199008695428,5.598901815680513,0.35927248983573024
0.11830586171361299,4.0909877765245835,1.148641549320199
3.191126011960089,0.7815559028508815,4.458073422993902
1.1964500596069418,5.169131974417912,0.07049735142687076
1.1375025726354144,5.110184487446384,0.12944483839839815
1.0909701363467765,5.063652051157747,0.17597727468703592
0.01295480773249083,3.9856367225434575,1.253992603301325
1.1995273608813959,5.172209275692366,0.06742005015241652
0.009191022227017178,3.9818729370379944,1.2577563888067884
0.9231770771320881,4.895858991943058,0.34377033390172435
0.41741296996503313,4.390094884776003,0.8495344410687793
1.4235239906221717,5.396205905433142,0.1565765795883592
1.944232146976252,5.916914061787223,0.6772847359424394
1.538871851742019,2.4338100630689508,2.8058192627758314
0.8477160358468312,4.820397950657801,0.41923137518698134
0.9638809768390818,4.936562891650052,0.3030664341947306
2.9371386224181033,1.0355432923928656,4.204086033451915
0.8086349303267605,4.781316845137731,0.458312480707052
1.4577982013324848,5.430480116143455,0.1908507902986726
1.3810148446395751,5.353696759450545,0.11406743360576307
1.7328961930494347,5.705578107860405,0.46594878201562223
0.960156464122277,4.932838378933247,0.3067909469115355
0.8715733492404122,4.844255264051382,0.39537406179340023
0.29812567066853224,4.270807585479503,0.9688217403652802
0.5482910561099515,4.520972970920922,0.7186563549238608
1.423670106154071,5.3963520209650415,0.15672269512025858
1.930719406394519,5.903401321205489,0.6637719953607065
1.062217313738033,5.034899228549003,0.2047300972957794
1.3194158857399478,5.292097800550918,0.052468474706134985
0.7328291987177745,4.705511113528744,0.534118212316038
0.8014876886398733,4.774169603450844,0.4654597223939392
1.3280611569163092,5.300743071727279,0.06111374588249691
1.085672415775687,5.058354330586657,0.1812749952581254
0.7440869102432014,3.2285950045677683,2.011034321277014
0.9443607271211546,4.917042641932125,0.3225866839126579
0.7773622998493753,4.750044214660345,0.4895851111844372
1.0145204274796937,4.987202342290664,0.2524269835541187
1.2490553700387195,2.7236265447722503,2.516002781072532
0.5825403903772289,3.3901415244337407,1.8494878014110416
1.1080274484300605,5.080709363241031,0.158919962603752
0.6522863859219211,4.624968300732891,0.6146610251118914
0.4727607971233306,4.445442711934301,0.7941866139104818
0.2084608811083006,4.181142795919271,1.0584865299255117
1.273664996553345,5.246346911364315,0.006717585519533756
0.8130487204221655,4.7857306352331355,0.45389869061164695
0.5463723855940167,4.519054300404987,0.7205750254397958
0.2123323464830468,3.7603495683279236,1.479279757516859
1.2231682707409575,5.195850185551928,0.043779140292854936
0.39490616562228426,3.5777757491886857,1.6618535766560967
1.4526600672970953,5.4253419821080655,0.18571265626328298
1.5760992083165752,5.5487811231275455,0.30915179728276276
0.2707304596872152,4.2434123744981855,0.9962169513465972
1.1157288261587146,5.088410740969684,0.15121858487509784
1.485535484277409,5.458217399088379,0.21858807324359641
0.18689516889755456,4.159577083708524,1.0800522421362582
0.6013258162469297,3.37135609856404,1.8682732272807423
0.1015636462382577,4.074245561049228,1.1653837647955545
0.8986847183341138,4.871366633145084,0.36826269269969863
1.4931801665571198,5.46586208136809,0.22623275552330743
0.24521073465603066,3.727471180154939,1.5121581456898434
1.2199966041620043,5.192678518972975,0.04695080687180813
1.5202246050079196,5.49290651981889,0.25327719397410703
0.40742397767363625,4.380105892484607,0.8595234333601762
1.5651382337341515,5.537820148545122,0.2981908227003388
1.6451626495004785,5.617844564311449,0.3782152384666661
0.06567125534452514,3.9070106594664438,1.3326186663783388
1.086289574193101,5.058971489004071,0.18065783684071154
2.0747736432280846,6.047455558039054,0.8078262321942721
0.679672443560988,3.293009471249982,1.9466198545948006
0.9110829223694441,4.883764837180414,0.3558644886643684
0.5862330840849083,4.558914998895879,0.6807143269489042
0.9172002261662089,4.889882140977179,0.3497471848676036
1.6981917311734036,5.670873645984374,0.43124432013959124
0.9934880280982933,4.966169942909263,0.27345938293551925
0.32159412053904585,4.294276035350016,0.9453532904947667
0.25050426073381515,4.223186175544785,1.016443150299997
1.5218982754378327,5.4945801902488025,0.25495086440402015
0.7815874873456717,4.754269402156642,0.4853599236881407
0.12928677567800076,4.101968690488971,1.1376606353558116
0.17495724331179494,4.147639158122765,1.0919901677220176
2.2039594878255215,6.176641402636492,0.9370120767917091
1.0391445718824799,5.01182648669345,0.22780283915133273
0.9872769748207592,4.9599588896317295,0.27967043621305326
1.0588862037000244,5.031568118510995,0.20806120733378808
0.4945311329950765,4.467213047806046,0.7724162780387358
0.6025007444258416,4.575182659236812,0.6644466666079709
0.9500542240088337,4.922736138819803,0.3168931870249788
1.251215022570886,5.2238969373818565,0.01573238846292723
0.16082348507691027,4.13350539988788,1.1061239259569025
1.3260153281594287,5.298697242970398,0.05906791712561584
0.7228692773607072,4.695551192171678,0.5440781336731053
1.0990759775254069,5.071757892336377,0.16787143350840558
0.516004563744798,3.456677351066172,1.7829519747786104
1.1303025005763339,5.102984415387304,0.1366449104574786
2.0648869460973724,6.037568860908342,0.7979395350635602
1.1529977726052356,5.125679687416206,0.11394963842857703
0.16754948981689682,4.140231404627867,1.0993979212169158
0.6346305198753238,4.607312434686294,0.6323168911584887
0.3675039121311621,4.3401858269421325,0.8994434989026503
1.0161345544389342,4.988816469249905,0.2508128565948784
1.0351268560664992,5.007808770877469,0.2318205549673133
1.1857193889226085,5.158401303733578,0.08122802211120403
0.7775077312474679,4.750189646058438,0.4894396797863446
0.0801936673477806,3.8924882474631888,1.3471410783815934
0.8450944071921889,4.817776322003159,0.42185300384162366
0.21693236554097395,3.7557495492699964,1.4838797765747864
0.22429755712209357,4.196979471933064,1.0426498539117188
1.4494368602482555,5.422118775059226,0.18248944921444313
1.2757078890831746,5.248389803894145,0.008760478049361966
0.9324387343883443,4.905120649199315,0.33450867664546813
1.4261464448592642,5.398828359670234,0.1591990338254516
0.1255091679597633,4.098191082770734,1.1414382430740486
1.508566799311681,5.481248714122651,0.2416193882778684
0.25050426073381515,4.223186175544785,1.016443150299997
0.31542845722056734,4.288110372031538,0.9515189538132451
0.5529873613351133,3.4196945534758565,1.819934772368926
1.4537647290758064,5.426446643886776,0.186817318041994
2.1033434178208696,6.07602533263184,0.8363960067870572
1.1329568205209344,5.105638735331905,0.13399059051287804
0.1569001679058633,4.1295820827168335,1.1100472431279493
1.6991578452281668,5.671839760039137,0.4322104341943545
1.5227337915192731,5.495415706330244,0.25578638048546065
0.010251552314132597,3.9624303624968293,1.277198963347953
0.5946325494987027,4.567314464309673,0.6723148615351098
2.004702767022407,5.977384681833377,0.7377553559885947
1.1340938557246856,5.106775770535656,0.13285355530912693
0.6055503196106261,3.367131595200344,1.8724977306444384
1.6059713006858347,5.5786532154968045,0.33902388965202235
0.019005037810104788,3.9916869526210776,1.2479423732237047
1.7657688502197761,5.738450765030747,0.4988214391859637
0.7344160873309595,4.7070980021419295,0.5325313237028529
1.17827117079254,5.1509530856035095,0.08867624024127276
1.051109261437599,5.02379117624857,0.2158381495962133
1.3501245743434864,5.322806489154456,0.08317716330967402
0.7291076905296499,4.70178960534062,0.5378397205041626
0.5059377880960714,4.478619702907041,0.7610096229377411
1.10772044302824,5.08040235783921,0.15922696800557268
0.09688727858030129,3.875794636230669,1.3638346896141136
0.5763207580793449,3.3963611567316248,1.8432681691131576
0.18090667951172365,4.153588594322693,1.0860407315220888
0.06210912393740438,3.910572790873566,1.3290565349712167
0.1860367480824917,4.158718662893462,1.0809106629513205
0.26023773321672555,4.232919648027695,1.006709677817087
0.6664280939151551,4.639110008726125,0.6005193171186574
1.3464143184059503,5.3190962332169205,0.0794669073721377
1.0521146874528131,5.024796602263783,0.21483272358099936
0.06210912393740438,3.910572790873566,1.3290565349712167
0.1151773528989339,4.087859267709904,1.1517700581348782
1.2376492360184341,5.210331150829404,0.02929817501537802
0.7622371276574235,4.734919042468394,0.504710283376389
1.4074288101777197,5.38011072498869,0.1404813991439072
0.16946734128928667,3.8032145735216827,1.4364147523230995
1.7514063560526747,5.7240882708636445,0.4844589450188622
0.2123323464830468,3.7603495683279236,1.479279757516859
8.257523736521327,4.284841821710356,9.524471147555138
1.2166686067641033,5.189350521575073,0.05027880426970946
0.6272364804777852,4.599918395288755,0.6397109305560271
0.4017540987751773,4.3744360135861475,0.865193312258635
1.2235943980473303,5.1962763128583,0.043353012986481934
0.8091978218043476,4.781879736615318,0.45774958922946485
0.8960030718337119,4.8686849866446815,0.3709443392001006
0.6055503196106261,3.367131595200344,1.8724977306444384
0.40957189183932013,4.38225380665029,0.8573755191944922
0.36704495862388675,3.6056369561870834,1.6339923696576992
0.7849314175969244,4.757613332407894,0.482015993436888
0.47449320534234324,4.447175120153313,0.7924542056914693
0.9796397679230237,4.952321682733994,0.2873076431107888
1.0342943644186382,5.006976279229608,0.23265304661517436
0.6984849979689806,4.671166912779951,0.5684624130648319
0.5452137548371068,4.517895669648077,0.7217336561967057
0.5260188186469849,4.498700733457955,0.7409285923868276
1.6506762191828344,2.3220056956281354,2.9176236302166467
0.09345969258474392,3.8792222222262254,1.360407103618557
1.1628307454756523,5.135512660286623,0.10411666555815995
0.8154785537951549,3.1572033610158154,2.082425964828967
0.4123170782821675,4.384998993093138,0.8546303327516448
0.26864195408125946,3.7040399607297103,1.5355893651150723
0.48339586395223666,3.4892860508587336,1.7503432749860492
0.15652395634787875,3.816157958463091,1.4234713673816912
2.05133667943784,1.9213452353731304,3.318284090471652
0.9659318723705022,4.938613787181472,0.3010155386633103
0.7222878147643452,4.694969729575315,0.5446595962694672
1.4490786456770015,5.4217605604879715,0.18213123464318898
0.9684620585101498,4.94114397332112,0.2984853525236627
1.1496477934864222,5.122329708297392,0.1172996175473905
1.9151480110012464,5.887829925812216,0.648200599967434
0.8361241887504746,4.8088061035614444,0.43082322228333786
0.5628722392427399,4.53555415405371,0.7040751717910726
1.7889778818698479,5.761659796680818,0.5220304708360355
0.3594953859184107,4.332177300729381,0.9074520251154017
6.327051864548284,2.354369949737313,7.593999275582096
0.9822914496046143,4.954973364415585,0.28465596142919813
1.2126610927992334,5.185343007610204,0.05428631823457892
0.23251172242527746,4.205193637236247,1.0344356886085349
2.243194868388044,6.215876783199015,0.9762474573542317
1.0779625805708295,5.0506444953818,0.18898483046298317
0.932126295944302,4.904808210755272,0.33482111508951057
2.209478027906568,6.182159942717538,0.9425306168727556
0.8124127811328884,4.785094695943858,0.45453462990092397
0.10111862994658308,4.073800544757554,1.1658287810872292
0.06210912393740438,3.910572790873566,1.3290565349712167
0.17563045455128412,3.7970514602596857,1.4425778655850965
1.2148871548919837,5.1875690697029535,0.05206025614182895
1.0521146874528131,5.024796602263783,0.21483272358099936
0.8061387936890518,4.778820708500022,0.46080861734476064
0.2964709575295722,4.269152872340542,0.97047645350424
0.4542118671650656,3.518470047645904,1.7211592781988783
1.017157346364038,2.9555245684469322,2.2841047573978503
0.04757762708298162,4.020259541893951,1.2193697839508308
1.259690383813474,5.232372298624444,0.007257027220338067
0.3547502334272371,4.327432148238207,0.9121971776065753
0.37816913192992757,4.350851046740898,0.8887782791038848
1.328831310323135,5.301513225134105,0.06188389928932292
1.1248001030985093,5.0974820179094795,0.14214730793530317
0.6331156636442229,4.605797578455193,0.6338317473895896
8.257523736521327,4.284841821710356,9.524471147555138
2.392022180185807,6.364704094996777,1.1250747691519947
0.3995300323229938,3.573151882487976,1.6664774433568064
1.0563805493397822,5.029062464150752,0.21056686169403024
0.3113032229559752,4.283985137766945,0.9556441880778372
0.9241070601629073,4.8967889749738776,0.3428403508709052
0.5887515651989093,3.3839303496120605,1.855698976232722
1.5432030014594476,5.5158849162704175,0.2762555904256351
0.10548989963635634,4.078171814447326,1.1614575113974563
1.5430435913408265,5.515725506151797,0.2760961803070141
0.6055689083058309,4.578250823116801,0.6613785027279816
0.6726100762583997,4.64529199106937,0.5943373347754127
0.9064259981110945,4.8791079129220645,0.3605214129227181
0.019312605799575958,3.991994520610547,1.2476348052342354
0.4923725507688953,3.4803093640420744,1.7593199618027078
0.1564984309294472,4.1291803457404175,1.1104489801043649
1.6073556079769697,5.580037522787939,0.3404081969431571
0.4245971091715665,4.397279023982536,0.8423503018622459
1.5766741577198884,5.549356072530858,0.30972674668607597
0.027382907668127607,4.000064822479099,1.239564503365684
1.058988187536306,2.913693727274664,2.3259355985701187
0.4049365847329512,3.5677453300780186,1.6718839957667637
0.9030527871720215,4.875734701982991,0.36389462386179106
1.626588005969516,2.346093908841454,2.8935354170033287
0.5959526660540595,4.568634580865029,0.6709947449797529
1.444082620645302,5.416764535456272,0.17713520961148946
0.65500019609343,4.6276821109043995,0.6119472149403825
0.8179855881549686,4.790667502965938,0.44896182287884384
8.94918626952466,4.97650435471369,10.216133680558473
0.5098465172553296,3.46283539755564,1.7767939282891423
1.0465525900009853,5.019234504811956,0.2203948210328273
0.06410089550834981,3.908581019302619,1.3310483065421637
0.7710011310582816,3.2016807837526886,2.037948542092094
3.677422558350869,0.2952593564600999,4.944369969384682
0.25050426073381515,4.223186175544785,1.016443150299997
2.911444916133597,1.061236998677372,4.178392327167409
0.7507698453554982,4.723451760166468,0.5161775656783143
0.3995300323229938,3.573151882487976,1.6664774433568064
2.182689475527915,6.155371390338885,0.9157420644941023
0.600237275473101,4.572919190284071,0.6667101355607113
0.9124298776699405,4.88511179248091,0.3545175333638719
0.01706391936306782,3.9556179954479007,1.2840113303968816
1.10215855532588,5.07484047013685,0.1647888557079326
1.9485042433635467,5.921186158174517,0.6815568323297342
0.6781371620229826,4.650819076833953,0.5888102490108299
1.2679550391906875,5.2406369540016575,0.0010076281568616842
1.1362361604350912,5.108918075246061,0.13071125059872118
0.46332824783947535,4.436010162650446,0.8036191631943371
1.7151882788225385,5.6878701936335085,0.44824086778872607
1.6203076601480715,5.5929895749590415,0.35336024911425923
0.87590881499489,4.84859072980586,0.39103859603892244
0.9565161498264915,4.929198064637462,0.310431261207321
1.2812155098420872,5.253897424653057,0.014268098808276331
0.5248603976431634,4.497542312454133,0.7420870133906491
0.49282502253362337,3.4798568922773465,1.759772433567436
0.5340009455272415,4.506682860338212,0.7329464655065709
1.930719406394519,5.903401321205489,0.6637719953607065
0.6938797023854366,4.666561617196407,0.5730677086483759
0.13766242677999302,4.110344341590964,1.1292849842538188
0.17610296564571398,4.1487848804566845,1.0908444453880983
0.7488488345369748,4.721530749347945,0.5180985764968375
1.0466093187863403,5.01929123359731,0.22033809224747222
1.6492003396640424,5.621882254475012,0.3822529286302301
1.0261882252767707,4.998870140087741,0.24075918575704186
0.8401389683402086,4.812820883151179,0.42680844269360385
1.5395619148269473,5.512243829637917,0.27261450379313484
0.31921347208225637,3.653468442728714,1.5861608831160687
0.8753873134910777,3.0972946013198928,2.1423347245248903
1.0111115008146696,4.98379341562564,0.25583591021914276
1.4787152223439481,5.451397137154919,0.2117678113101356
1.7120171748272113,5.6846990896381815,0.4450697637933989
1.1483005601308058,5.120982474941775,0.11864685090300678
0.10109216394126516,4.073774078752235,1.1658552470925472
1.2237147017431638,5.196396616554134,0.043232709290648264
0.6704996571636592,4.643181571974629,0.5964477538701533
