3.62594743979,4.80308275988,2.64675428397
0.845710072921,2.29149592541,1.72786720467
1.86490767974,2.24108075103,0.703564271057
1.30357170865,1.90597578036,0.95427407354
2.23634499836,2.73276895205,0.894825427524
1.16868474086,2.98824953992,1.07045210833
0.659126458709,2.80783570822,1.88826611985
0.6147296412,2.84221816632,0.873815720631
0.60929665069,3.31068468876,1.68866660852
0.776435820301,2.82906499104,1.36684999266
1.1082438667,3.50599137768,1.0962418511
1.13146364286,3.45248323332,1.74962455223
1.5245058484,3.34823548682,1.46671283778
0.348102955358,2.95952555422,1.11524429181
1.51080233121,2.72785819573,1.78384967273
1.33005565014,3.58514866952,2.36612029256
0.586809033193,2.69760809963,1.22586772426
1.67427763705,1.7946472684,1.31368143802
0.824934155603,2.51532976885,1.39883524398
1.97796154888,2.20488537693,0.875584884854
0.796253152073,3.06364464724,0.981310455891
1.46153712161,2.6312100063,1.50848249715
0.776169804713,2.24615361685,1.41436647381
1.02869044256,2.52218350883,0.734894036179
2.31430888832,2.97135296708,1.94492067592
0.591630051671,2.65639774983,0.916392912993
0.185464900322,2.9322150997,1.34276754888
1.18941672547,2.49507097247,0.503839394322
0.556280225934,3.20080502668,1.13504175859
1.43014116142,2.98267863195,0.294602229997
1.92124059346,3.75888004781,1.45670944202
0.542972133858,2.98626664071,1.68996513416
1.43013717489,2.50203377648,0.69124619646
1.97949835667,3.63640343989,1.00521840938
1.90783168304,3.65818995353,3.01616119724
0.531611795221,3.14263963515,1.47535489682
1.15451547181,3.49216733808,2.40502877394
0.647854454463,3.04660169103,1.27001639876
1.18104238032,3.2349656202,2.52736508211
0.454373710288,2.92078029808,1.54104522016
2.09038598332,3.61538152046,3.37088276909
2.2069692192,2.74566966776,1.77482168265
0.406136483825,2.61501407157,1.1434774924
0.68341919923,3.01886068991,1.44980087361
1.22490805128,3.23666069989,1.7741982123
1.04493641471,3.03012950842,0.671835059736
1.28066525002,3.29252911942,2.33449575299
2.23489775798,2.12933798063,1.56200244488
1.95672930142,3.8473792819,1.20311468201
1.9071046124,3.10087771639,0.603145057429
0.809635300329,3.35470331816,2.0431594876
0.451412329529,2.76237551112,0.932632525703
2.67808158488,1.52128666429,1.79952181987
2.12375493495,3.58992166334,2.37512177988
0.821875486353,2.77853978891,0.55883590961
1.62831137438,2.20203486006,0.580936708902
2.05676683667,3.04364213822,0.708225264966
1.11721988333,2.41743878492,0.393341219082
1.70161816374,2.23335771466,1.43544435402
1.17958023498,2.63527377619,1.31320812093
1.2685375339,3.42904647515,2.49602395147
1.854049537,3.76611863134,1.66499581344
1.12871010781,2.0527137386,0.855189448464
1.31497414869,2.49782306628,1.7947522253
1.14592704073,3.66167346218,1.62083292592
2.71814802468,4.17056224408,1.64651265738
1.78812666179,2.00323355567,1.44521340094
2.13628574145,3.18665672048,1.03989930043
0.457076325512,2.48473639411,1.2527389933
1.93651319093,3.70024667543,1.01909218445
1.19192984544,1.90638174785,1.30111233183
1.40733671215,3.60283610317,1.69577785269
1.71019043711,3.11447528856,2.20667266259
1.10126370431,2.23314097754,0.9752464712
0.586670026495,2.99846978598,1.19399137599
1.84704312763,1.59715409202,1.28175093364
2.1015713517,2.76635943028,1.16282590687
1.31108397796,2.72703502284,0.217542217137
1.05014839994,2.98578241396,0.784190273276
0.71051343597,3.21854468591,1.04791609589
0.975029686068,2.58407305404,1.57227494585
2.45947145928,3.67865733293,2.22682018848
0.116978059468,2.76717556215,1.28777411611
0.583041923626,3.31180649427,1.83527671962
1.59717654476,2.76625643978,0.250407111838
2.25143229009,2.29254200698,2.727320698
2.19932266508,2.96385921849,0.970841865754
0.709063416422,3.0069805283,0.857429148662
0.910407606349,2.39108226249,0.64552293941
2.22903746004,1.64402139973,1.34258921083
0.4507214902,3.09088600009,1.3475254058
0.7646859462,3.11818889763,1.15433045501
1.74820555223,3.4821733312,0.792231420641
1.20134518053,2.27994703542,0.677065028966
1.52867515598,3.05788799816,0.64387781461
0.612600573947,2.40714457588,1.29304294475
1.14740039897,2.72867706794,0.34036237737
2.15509011085,1.23348608815,1.57349196168
1.34486941314,2.43227010103,0.349041415331
2.07058771707,1.74465954934,1.64466553207
1.07350168934,2.73203308747,0.441864796394
0.910805804548,2.55962947711,1.12274102103
1.09361966599,3.3728934198,1.38007681546
1.53500151095,3.78509612829,1.19856178305
0.378093512351,3.0442486118,1.50554644858
0.283442388833,2.60799817478,1.37973025145
0.619938676061,3.02316647606,1.48884392775
1.64426332109,3.44775345824,1.18201416927
1.74872793464,2.43809254177,0.506644260739
1.10988006787,2.92068998553,1.20863842333
0.824774301775,3.45841802422,1.91844765567
2.24870980542,1.87165853829,1.23121532986
1.07526292978,3.9004143024,1.81884232739
1.39370372161,3.11103660985,0.66483558976
1.19192984544,1.90638174785,1.30111233183
1.29804821612,2.8282006054,0.206684587394
1.50972456313,2.08468904305,0.91180987281
0.507427194337,3.12140972556,1.57216738301
1.7513347342,2.40413384257,0.570989541028
1.67915213718,2.73646493749,0.926308332195
0.979212158923,3.34270996291,1.60486437587
1.91210200081,3.01916524489,0.58820817505
0.742751134849,3.50268001269,1.39968331181
1.92062292341,2.14850578131,0.884494474238
0.882164822498,2.05433078606,1.25032341569
0.857177909382,2.37911867099,1.01968122258
1.34069937302,2.21843830488,0.53566361773
0.975881900939,2.82348978473,1.95024722047
0.933870782615,3.21085185497,0.839527296137
0.596526881541,3.42821213216,1.78855131247
0.637988618912,2.98385983944,0.895444157037
0.598586690063,3.12158393343,1.07678214492
0.601816453313,3.23702533011,1.70018800748
1.68636216,1.96754290797,0.931062935229
1.39809199426,3.496952518,1.2906700209
2.3860877617,3.93150495576,2.06232581999
1.87302079185,1.2489043984,2.18841347445
1.31163846979,2.78873519077,1.7541006706
0.43461289855,3.05409676311,1.26428882929
1.34593122679,2.53573075861,0.446374544351
0.640363185644,3.17130138415,1.02851541085
1.12452773387,3.56682872753,1.85920466023
1.87124431879,2.26918269274,1.41789858071
1.41177363568,3.22920784368,2.41375287753
0.769256778273,3.19727332542,0.916559561373
0.672514800481,3.16844444808,1.52150748414
0.466817264877,2.69377504484,0.913969611585
1.15288537945,2.92369571142,0.83112575026
0.443382449925,3.23517267927,1.74450257115
1.78373590645,2.01856912953,1.30960898643
0.803319040826,2.63088873387,1.49425761285
1.67648163046,3.12024088226,0.642095437234
1.04781077849,3.00489062462,1.59804653419
0.710966515651,3.35349619624,2.03962859584
1.57069059472,3.22338707275,0.67904457405
1.64703573127,1.96875887305,2.44673464505
1.40799858986,3.2998678926,0.947791358692
0.997940128072,2.3734009516,0.748511781087
1.55597278436,1.59521517759,1.17310051746
0.495006887067,3.26043178656,1.43572778674
1.02890443875,3.50976924658,1.10128163927
1.68075676062,3.38785179525,1.02407944871
1.02481950827,2.21500972639,1.67359869858
1.15749322256,3.03477026164,1.59671372599
0.701888839106,3.03741482161,1.28865120501
0.736757368274,3.36994599383,1.69928030732
2.24631255152,3.61069005259,1.07603309479
0.620816638497,2.74043646384,0.799578161243
1.63635503914,1.72187465339,1.09120094177
0.967442232924,2.50034317524,0.793263125621
1.34817609675,2.52663530664,0.869494221736
0.558139168973,2.86025120327,1.49853769243
1.65598064176,2.87370583334,0.647203891892
1.31163978188,3.32045505755,2.04620284373
1.04873327356,3.42900230181,1.00561541018
0.86360111813,3.55160180155,1.34187099839
1.1223712808,2.98204916158,0.82526314001
0.650639404333,2.55577815054,0.902391624001
1.54001645818,2.46828154104,0.299672818256
0.220836419176,2.6904045073,1.19401721142
1.76778593145,3.56435795098,1.29088908235
1.4848314686,3.01986399209,0.341565180574
1.52010679821,3.0545053689,1.62852462707
2.51263699386,3.28863581176,1.28021994915
1.53070509168,2.05565766137,2.39061154744
0.963762777009,2.87691433878,2.032031037
0.857073998044,2.78018951615,1.28909391672
0.937361765465,2.66733986869,0.624117054448
1.58846470461,2.42618339595,0.364163500206
2.79422412084,0.878815098925,2.83843766658
0.76340970074,2.60571674261,1.21716526274
0.685085887665,2.48561018027,1.12665348642
0.588030215344,3.13936130265,1.27895939089
0.520105380039,3.02556083421,1.29539326234
0.240541450868,2.85568458416,1.15932652133
0.629142559188,3.12046768256,1.78655749643
1.61484380342,2.75704373739,0.249822282578
0.605504265595,2.91749822068,1.93002227987
1.12980916197,2.20071050788,0.716155073054
1.78997786545,2.24237138589,1.24872272019
2.09993513671,2.9824096103,0.981765555181
2.46163360212,3.51848372703,1.17848480916
1.19455238171,3.26402074311,0.776354011006
0.721380697139,3.14525815724,1.21617074339
3.39889598141,0.539886365195,3.21533859054
1.27287001565,3.32910392542,1.4357703941
0.854164072315,2.57837623921,0.689345928931
2.35196548696,2.74238016871,1.30905682961
2.08153846336,2.60947732699,1.15689283296
0.721861792123,2.20848920237,1.46352341706
0.45053440128,2.98325257345,1.54667295527
0.552997771931,3.03389933046,1.10122351346
2.3860877617,3.93150495576,2.06232581999
1.69011782165,2.57625204056,0.629098206984
1.54388792009,3.70979260889,1.69816847983
0.87539788423,3.00583042042,0.700484348422
3.11987152795,0.302859389306,2.86136904904
3.21849369047,1.16582901757,3.4863481626
1.42547900993,2.59582544801,0.175845678861
2.05501366978,3.33838037497,0.8176677516
1.62855785766,2.60357672158,1.39977027135
1.45265487096,3.20210841158,0.54451183793
0.798539845383,2.69389028621,1.72641186094
1.47037863245,3.37953003208,0.741460309774
0.90765321598,3.24504981696,1.33680364101
1.9872982763,2.07731827099,1.49724464945
1.36228477783,3.12641606637,2.67337606091
1.44090645788,3.42798077697,2.10271286364
0.902970395291,3.33970602107,1.86481706944
1.74881506936,2.11203873334,0.724978201971
0.499485953579,3.23176258885,1.80405231323
1.28243729115,2.31367684177,0.432584719445
1.38319531212,2.11348116989,0.978296497362
1.68950075665,1.79425934818,0.970437107339
0.28114094759,2.6332655108,1.17996209849
1.9070523696,2.7001793412,0.633398083473
1.54316939785,3.36008795888,2.87109683446
0.427352881918,2.93400412621,0.999483083275
0.994613717622,3.05478638809,1.68454239586
0.607344707167,2.65861490581,0.769373605102
0.518630114648,3.0737800647,1.80900755782
1.57026424148,3.60649081746,1.94198305134
2.26194018677,3.62840735471,1.08675477253
1.99313923712,2.1375904399,1.23743257309
1.64773834194,2.59107901039,0.317929601122
1.76826380535,1.16829664818,1.91267661399
1.71488442734,3.44469032107,0.924890985282
1.01466668833,2.6780881972,1.19646119831
1.56111944273,2.86689864138,2.66285139874
1.27210358059,2.94679635818,1.11920527585
2.55897800309,1.47804180208,1.70708214576
3.16668428651,4.98518178277,4.47681806498
0.701547078931,2.87134112093,0.75210390221
1.34156308718,2.76659910708,0.856616965163
1.96580903977,4.15035410092,2.46473937665
2.39925986308,4.00324671951,2.48684318855
0.965457761827,2.94760855253,0.92124945601
1.15840807346,2.33102734448,1.64813543407
1.27287001565,3.32910392542,1.4357703941
0.706245977147,2.2132588838,1.37337406879
1.63840767615,2.0180455826,0.765803677442
1.07526292978,3.9004143024,1.81884232739
0.914373910753,3.16311594194,1.93316240056
0.782617379797,2.77480991656,1.02463439344
1.95022331368,3.38215578553,0.800518432366
1.39650716125,2.08136864847,0.734982357499
1.04357137146,3.30924801143,1.56097331869
1.17514973605,2.75480271954,1.23621489189
0.72634456589,3.45133220062,2.03159812152
0.39188551912,2.89502875305,1.68967717038
0.675551584372,3.49588986999,1.4950459613
1.58446224813,3.2574858932,1.29155760507
1.25909063746,2.35524749222,0.404417426831
0.793712277324,2.71695130257,1.36629900668
2.23350558095,3.8784039275,1.31409546981
1.62516238305,3.73807176869,2.06273690432
0.573840919004,2.52692910617,1.06585415906
2.03044939497,3.72751071903,1.06948475179
1.89829702281,3.18091195324,2.51551779194
1.00769060064,3.01410247568,1.2573325844
1.94665350489,2.64347192102,0.725281394948
1.29874030029,3.40135929265,1.12536337928
0.385532767497,2.96402590883,1.37685264706
1.56420929597,2.86761555243,2.66760716476
2.12689107693,3.61194538984,1.06251088348
0.478698343796,2.56026577487,0.973388988782
0.819458397103,2.25526324907,1.71593502227
1.37036376633,2.99189518094,1.38541793284
1.35616578132,2.06736361495,1.6286798597
2.0314721501,3.3014492628,0.78559501438
1.06607920993,1.80712883488,1.34594726029
0.480724717551,2.87751149488,1.79706649108
1.45766820302,2.93313772103,0.811215598415
0.631985790063,2.87881288275,1.39339939675
0.229978609278,3.09569957218,1.45208483299
0.525600809078,2.34800399232,1.29598199168
2.96297210677,4.05196393721,2.46722993711
1.81646710654,3.53561695702,1.46825956437
1.00803848852,2.56463775497,0.715571663127
0.445855304489,2.83357381786,1.33723872493
0.920507493042,2.24174077518,1.68304944507
0.726785473356,2.60197121261,1.41591361574
0.997034527569,3.23130102199,1.16071482089
0.653095987171,2.5039242138,1.78150359287
1.50558027423,3.18401303487,1.62459042432
1.66337374903,1.53475422011,1.30599351796
0.912772373373,2.95928514111,1.13423068303
0.770919017304,3.0608155637,0.810550043485
4.78711056879,2.28400108963,4.85922654524
0.645291007268,2.94383849549,1.05756071301
0.738079531396,2.73477818706,1.97404508799
1.07267297246,2.47250034491,0.712196949361
1.13063936515,3.22349348711,1.00459241732
0.271419663196,2.95625905918,1.60486022308
0.444868381478,3.16787979387,1.77816091613
0.659126458709,2.80783570822,1.88826611985
0.984897059803,3.7549356409,1.89504921823
1.91412258181,2.59878943073,1.13259274547
0.99387209449,3.28227507194,0.871145232114
1.18097076187,3.08139747679,1.1102578403
0.561633835075,3.28956885178,1.65842218063
1.699285933,2.91370483102,0.637891823251
3.27499538511,4.25204943023,2.70912880867
1.00803848852,2.56463775497,0.715571663127
1.74051320193,2.54628796512,0.508726102824
0.844887629424,3.26854913541,2.12399805001
1.8771707817,3.03776986809,0.676780390297
0.912428825164,2.51494437102,0.546095936646
0.87539788423,3.00583042042,0.700484348422
1.36116808605,3.04206988735,0.699802761705
1.31015430876,2.14212082226,1.46779603646
1.09852702025,3.1015110804,2.16411213764
1.14225750246,3.50199862049,0.995746113147
0.953780776175,3.0860341712,0.651929320224
0.828055623994,3.51945935559,1.37836831013
1.7513347342,2.40413384257,0.570989541028
0.508887284224,2.69839960887,1.68353723044
2.7454007352,0.771777487625,2.9423427756
0.821801586914,2.66200348185,1.15522528019
2.52898411583,2.72020144162,1.51727583362
1.26044865905,3.54497444598,1.34000248051
0.906469051042,2.63943204672,1.67118200563
1.55277039673,3.41935754898,1.43141242619
0.910805804548,2.55962947711,1.12274102103
1.03498584737,3.18634198907,0.929781637364
0.803536914865,3.35078347536,1.15531291628
1.39370372161,3.11103660985,0.66483558976
1.36396170596,2.55295642605,0.724705681999
2.31356011929,3.81196497872,1.2220756239
0.413036692449,2.83813904077,1.41900143167
3.3283732273,4.15416989745,2.68621430166
0.71002521299,3.29376350767,2.05704411327
1.91311629996,1.86073606993,1.01996677781
0.517922066097,3.03005521564,0.989366608427
0.412994912358,3.00082164695,1.64044420935
0.939572177039,3.03261094528,1.54804085627
1.19183672779,1.9793740798,1.84081712453
2.24228998136,1.75647604885,1.54372110434
1.86617873309,3.46895286596,0.898570514892
0.637988618912,2.98385983944,0.895444157037
0.272472905228,2.78199571241,1.21775275606
1.4025039293,1.7835425586,2.04926701911
2.8228571914,0.797561938915,3.02938991135
2.0059681903,3.93130233743,1.86896877579
1.02869044256,2.52218350883,0.734894036179
1.25134995005,2.87440386798,0.290820551599
0.882657173628,2.98491968554,1.24963297136
1.62931800705,1.3130338786,1.46289179374
1.71019043711,3.11447528856,2.20667266259
2.49116065831,4.36647527309,3.7444529795
1.5204845815,3.171210834,1.699143013
0.59357069292,3.00369244566,1.12709795267
1.46667200242,3.38943931333,0.819654172172
0.871800171013,2.6177912091,0.997681833079
1.35422678247,3.37249512598,0.768410985807
2.33918926165,2.85828854804,2.63747819354
1.73374440808,2.2817827338,0.679864497772
1.7731093988,3.39409144156,1.12107524208
1.84402307395,3.71386058642,1.05773911217
0.553668664858,3.04024359972,1.0332122134
1.4403051363,2.96512691896,1.60239385398
0.975172235773,2.54283581882,1.08911300397
1.13868872922,2.45708289569,0.98744086943
1.56006274223,2.04448661104,0.67073455452
0.283442388833,2.60799817478,1.37973025145
0.907529813898,2.16733877097,1.7367518344
2.96482076033,4.54726116341,3.01504477041
0.911628237182,2.53423957268,1.7411677237
1.92124059346,3.75888004781,1.45670944202
1.20334841308,2.24785843949,0.778547719329
0.979212158923,3.34270996291,1.60486437587
0.773191728356,2.93976430266,0.834473079005
1.39054898625,3.74597814343,2.58758200907
0.658576879076,3.39366762367,1.94090348146
1.3940883114,2.18443961952,1.07508499878
3.62594743979,4.80308275988,2.64675428397
0.831821583842,2.38526669407,0.694630740177
2.24613834066,3.23254175756,0.921911678512
2.23298180387,2.73935759471,1.6845106585
1.94180260893,3.85448031806,2.13433241154
0.39188551912,2.89502875305,1.68967717038
2.70254508772,4.00974897748,1.70161913829
0.188551984541,2.86422571837,1.49123834287
2.09322864671,2.0922808586,1.03474839636
1.65226928058,2.59631995902,2.34498731234
0.877563719679,2.75595578319,1.26515688823
1.78332449828,3.38996821629,3.09347233851
0.705134233129,2.58773445576,1.02780646561
3.25716848981,4.28540403704,2.76711545058
1.18235476223,2.80808799339,1.89003631737
0.767499844509,3.49244417726,2.05529189732
0.247603673046,2.72423944651,1.13704366216
2.53653166606,0.750803253837,2.08490800245
1.38305187807,2.53580987209,0.786654567202
0.586670026495,2.99846978598,1.19399137599
0.39188551912,2.89502875305,1.68967717038
2.30973192681,0.888989779097,2.47862518256
1.06762674996,3.44423114653,1.73162758686
1.31690634448,2.4437034777,0.722156831189
1.60716109503,3.58748857694,2.74598737318
0.407756501454,2.7236729876,1.04736714511
2.31430888832,2.97135296708,1.94492067592
0.814338938202,3.02043416785,1.45309698468
1.94305349056,3.5711504933,0.92845067058
0.347503699591,2.98220621276,1.6772315779
1.30951799265,3.46148455111,1.50324037843
0.307091207512,3.04535179626,1.46002354553
1.64221323292,2.0511961992,0.953806472849
1.54840038566,3.51287676396,1.44357376741
0.240427773013,2.87931669357,1.40822651196
2.03264425419,3.23465466439,0.757686118989
0.97195252918,3.41987508745,1.15649398616
0.50501679881,2.97160333687,0.97751235564
0.717752370868,3.1961966146,1.83284975479
0.7793742507,3.40958219889,1.61440787536
1.77898179273,3.09336696033,2.79193523045
0.444318098993,3.13498882479,1.80372187872
1.96412192116,3.99973879963,3.28701377976
1.29696203725,2.98996028238,1.80649200972
0.505707015814,2.7570907057,1.62842982188
1.14140410553,3.01731158681,1.62055870094
1.54151436396,2.92228895623,1.61394779345
0.891269286646,2.85096325057,0.668878104785
1.18577816687,3.12201171218,1.64135223114
3.2062132225,3.3552229706,1.84240233115
0.735285086427,2.7994231684,1.81326906702
0.697467376641,3.48576964906,1.9567268568
0.672514800481,3.16844444808,1.52150748414
2.83641601929,0.842889617339,2.60406696322
2.27934821543,3.29333102736,0.972373570718
1.08127292392,3.04789711505,0.700011085586
0.603639782591,2.74260299273,1.27710040933
0.531611795221,3.14263963515,1.47535489682
1.34556624333,3.36908152642,0.796656629373
0.90765321598,3.24504981696,1.33680364101
1.4213299509,3.32548481963,1.64484073329
1.25410771777,2.10443558529,1.84660062441
0.513724088475,3.00709880416,1.01710897222
1.91454042127,3.12330304687,0.624665426581
1.83161646298,2.7871244084,0.836351709149
1.46597447246,2.12449261301,1.20317885913
0.958855677654,3.47669258057,1.93702569731
2.70254508772,4.00974897748,1.70161913829
2.10124918619,3.48702730182,1.04882132429
1.5321871938,3.20921322676,0.513748272248
2.25534109952,3.05660172471,1.03362802045
0.994613717622,3.05478638809,1.68454239586
1.88204561305,3.07067674874,0.802218915499
5.14230349239,2.28674797136,4.79311812583
0.783871724386,2.74473836882,0.980912536535
0.911056627491,3.35915406109,0.987774773979
1.06607920993,1.80712883488,1.34594726029
1.79799141639,3.36115819959,0.838954793831
0.607804115182,2.26374288891,1.25884639053
0.781155815361,2.76760631608,0.633654923366
0.332251236652,2.84975332881,1.45164164267
1.55284421018,3.86293630123,1.9749433473
1.24864443905,3.14542450453,0.70794509671
1.03590276749,3.34449222685,1.12734735595
0.596411989799,3.07623139115,1.74531847202
2.3836641301,2.26913871704,1.26690639877
0.591520370896,2.86888676872,1.16255753531
2.75611811338,3.24790817715,2.16345484893
0.912772373373,2.95928514111,1.13423068303
1.7796444632,2.19611280281,1.07654097518
1.27598895923,1.92855696883,1.04915714753
0.380119160853,3.16027947709,1.55955084732
0.627020029114,3.0694264512,1.96276074315
0.3139510138,2.81323336654,1.37077131977
1.68763300313,2.01580277987,1.55622117792
1.89640465168,1.09544090372,1.78139335276
2.25584120889,1.61165373298,1.50784593766
2.24870980542,1.87165853829,1.23121532986
0.615852768504,3.3379575225,1.58479993528
1.45130675056,3.60154997909,2.01990341701
0.953780776175,3.0860341712,0.651929320224
0.507427194337,3.12140972556,1.57216738301
0.929198679791,3.49238417119,1.83123184649
1.92215816495,1.23880187766,1.72381369422
1.67535162267,2.18220285501,0.9743595565
1.57245336584,2.2649012551,0.485605423357
0.86875629204,3.04538253845,1.26862957581
1.79607177849,2.58171906243,0.513668903893
4.10644925471,1.73519841294,4.24707946665
1.64221323292,2.0511961992,0.953806472849
1.87413752563,2.70502268352,0.764123009702
0.846713936345,2.46528685533,1.47036002944
1.47247543787,2.65266590622,1.20225551566
2.36212575538,1.40418491337,1.69168784811
3.40354260243,0.636901761608,3.16108144796
0.656546872435,3.18128115218,2.01774850335
4.06226158466,1.43462530362,4.05668168005
0.475973767292,2.41014345196,1.34286402577
0.929954772553,3.1133647081,1.75645258147
1.87224260032,2.49420476867,1.39967883823
0.877563719679,2.75595578319,1.26515688823
0.534009215496,2.75582483645,0.847681157594
0.344272807517,2.80663691859,1.04076461211
0.517922066097,3.03005521564,0.989366608427
1.61526997386,1.42660371153,1.29830352008
1.00629137593,2.45749249406,1.01828785369
1.45766820302,2.93313772103,0.811215598415
1.57428913187,2.22038848832,0.522569848087
1.87124431879,2.26918269274,1.41789858071
0.488136786517,2.52903364249,1.54824597116
1.81081831774,2.99505501489,1.59813234987
1.41507753789,1.8760435776,0.871388279338
2.76818170737,1.0924235942,3.05316394317
0.607804115182,2.26374288891,1.25884639053
0.685282683394,2.59172137624,0.756722939811
0.550922484682,2.69724928234,1.54671752953
1.83103167403,2.87509276661,0.77446191207
0.60712194692,3.32622507021,1.71209451388
0.991057666981,2.88527031454,1.16350390824
0.81804287428,2.77636905546,1.45650844606
1.46887078221,3.19297957026,1.43502448132
1.08799819524,2.40735778931,2.07391710709
1.07884210096,3.10729652291,2.13519281901
1.31606828073,2.71914790912,1.62834940957
0.353961104122,2.82514551186,1.05359270172
0.981043453305,3.02142190142,0.579642417656
1.16868474086,2.98824953992,1.07045210833
0.742521936879,3.0084646577,0.977209682383
0.371760780803,2.78610107744,1.49579827568
0.608457610477,2.97791967868,1.37072895209
0.549008398031,3.15182081551,1.31575457466
1.87412459929,3.97623659973,1.44524557934
1.14536225605,3.00069264115,1.53574116195
0.968478822973,3.11996266772,1.96173781044
1.653842961,3.06504953431,1.52790819198
1.03083200047,3.17338381554,2.29145359836
1.55398423621,3.69620201671,1.03515477808
1.35649444654,1.76989759988,1.25241845609
1.47818678178,2.22598393745,2.07871923331
0.903107837385,2.73001141377,0.489243392707
1.80454941244,3.81274318709,2.84684643505
0.516214343574,2.86293949164,0.881009480166
1.1485397207,3.43901631143,2.46747798354
1.57935216173,2.52319297261,2.66654815553
1.31588676647,3.47577911462,1.14362797162
0.45053440128,2.98325257345,1.54667295527
2.21102873323,3.45241885835,1.0052373017
1.89379532877,1.37813364322,1.78737055074
1.62831137438,2.20203486006,0.580936708902
0.87539788423,3.00583042042,0.700484348422
0.963389938778,3.67777846232,2.22057988475
1.18392927242,2.34777936567,1.35424723735
1.80709639891,2.76548792092,1.25549978081
1.93460342056,1.19529338899,2.25753642617
1.22165590266,2.4187782675,0.32616053095
2.04740876206,3.09557732667,0.710173224428
0.453711690123,2.6707465992,0.927795075114
0.408367495346,2.60076916252,1.07290442051
1.57677199427,3.73430773921,1.81538150494
2.53941825449,0.742418636755,2.47766223665
0.424177619441,3.053727111,1.30975549673
2.64661544781,0.929581123126,2.37094339382
1.68383344847,2.98673318135,0.848922846413
1.47247543787,2.65266590622,1.20225551566
0.490236184162,3.15682644394,1.30964897564
2.51263699386,3.28863581176,1.28021994915
0.922171325286,3.10829363556,1.2491346798
1.60301035515,3.65254362325,2.0179427682
0.67048322378,3.30591900286,1.90552044102
1.078962589,3.74436846797,1.60612109346
1.791357979,3.49315673028,2.07163254003
0.913476055311,3.06193549233,0.743483477983
0.790939662333,2.83713131144,0.964555197756
1.12504468995,3.04117211579,1.59432280815
1.49287674899,3.33709041612,1.27755446428
1.50593462471,2.14201392641,0.713122390159
1.37086970415,3.71507511747,2.42180355863
1.5321871938,3.20921322676,0.513748272248
0.840776063154,3.11128233365,1.83144960864
1.40568429779,3.42305422982,1.75892133661
1.47990262044,2.87033524201,0.51689787994
1.22595167107,3.44856217593,1.05810970531
0.739566700012,2.87764906423,1.26624782128
1.02216527844,2.65313906133,1.58123582124
0.543016000718,2.62324488416,0.890077283006
1.690514866,2.61181740174,0.689142425408
0.561633835075,3.28956885178,1.65842218063
1.29696203725,2.98996028238,1.80649200972
1.42146727355,2.73147134184,0.808710900086
1.30204540555,3.0029749531,2.42652072398
0.701547078931,2.87134112093,0.75210390221
1.29915105624,2.72035715536,0.413884138972
2.35333330358,2.39042275907,1.4670948153
0.566416983836,2.63702849065,1.30601481637
1.47580732059,2.13671514405,1.23356620187
0.760427418661,3.35895226996,2.04439704831
0.911628237182,2.53423957268,1.7411677237
1.05736231192,2.26058729588,1.58140926268
1.7207026458,3.32372954917,0.992294449781
2.62815096433,3.49505407414,1.53255971521
1.06148062552,2.98143359034,1.94131959186
0.378662755997,2.75541813657,1.30855903727
0.4260941449,2.79980252119,1.48960100906
1.8036027218,3.4221700014,0.824543808188
0.87539788423,3.00583042042,0.700484348422
2.52300917292,1.34241290413,2.96246720696
0.308650599795,2.84917050278,1.24302680897
0.872512690428,2.89686891674,1.26384995265
1.02643862747,2.42520472524,1.033250867
0.806384447945,3.12145919748,1.34187227364
0.677047914173,3.37442987642,1.80618085416
1.30652127239,1.72614948364,1.33477494454
2.74257796936,3.234712205,2.15347880408
1.69905049456,3.78109626385,1.63079566763
0.755571009341,3.0089041754,1.51965434568
0.939572177039,3.03261094528,1.54804085627
1.17975202865,2.13677889998,0.778842346123
1.71624172669,2.66974607235,0.577071846868
0.163818729737,2.72494615381,1.25001581517
0.803538518095,3.35653896976,1.31863222675
1.15606392427,2.43375389441,0.374528386849
1.40704388717,3.38104495688,2.40302123199
1.68341388747,2.10809944808,0.933072427621
1.54900359918,3.46386020363,0.795829396791
1.27249831454,3.09913958679,0.523395562995
0.268837707162,2.74885427244,1.50047409286
0.483861480687,2.67070722771,1.23296038877
1.89426058093,3.80652269513,1.21769330946
1.7868339295,2.58345608123,0.980535109415
1.60843701055,2.37273519573,0.530508944114
0.65106908184,2.65917476955,1.7427421022
1.81674859107,1.94609797863,1.0209920804
0.690770366434,3.26865315272,1.07860058807
1.0590472888,3.28881903624,1.78382088126
0.733511637582,2.71942301507,1.81013592871
1.48976643827,3.12299831562,2.44742446174
0.723964312746,3.35679532609,1.38066961233
0.950130822868,3.24286383758,1.15695657422
2.4005478792,4.17962001656,3.56221189825
1.14225750246,3.50199862049,0.995746113147
0.760312155673,2.7465142333,1.2527874564
0.685085887665,2.48561018027,1.12665348642
0.914072979049,3.57633584777,2.22727842674
1.12919231387,3.51715966144,1.58053322365
0.329864367192,2.91639452713,1.31224072275
0.307091207512,3.04535179626,1.46002354553
1.72363260115,2.80613224193,0.512506123049
2.00345777778,2.50943127538,0.734293782878
0.743710677952,3.05008483161,2.04298494231
1.49688196322,3.05392894963,1.54715872354
1.31606828073,2.71914790912,1.62834940957
2.33690195088,2.72239729724,0.994336130652
1.93194961388,3.18442256302,1.29423232743
1.24372903584,3.4496075446,2.54592375876
0.731588262996,3.2087160372,1.99133855472
1.83569262605,2.03056434771,1.16598178075
1.84727815039,3.85602474779,1.33205880495
0.398013625857,2.88600481887,1.05270054216
2.69809488008,3.41813915899,2.02942375374
1.59510780312,2.12210788675,0.749901637488
0.54238290416,2.79170734024,1.41402971142
0.975815239394,3.60001334879,1.4380632971
2.3527350507,0.5742522953,2.13034170968
0.410120385334,3.19355951958,1.7201965542
1.61838509491,2.38264108099,0.436004732056
1.06762674996,3.44423114653,1.73162758686
0.584212608678,2.53149620197,1.05672553061
0.62595527998,2.69785703914,0.952134200442
1.23249184993,3.45592503855,1.45708250388
2.0217344594,1.85313225755,1.19998221529
0.721180328163,3.37891534012,1.28706353009
1.2195562627,3.38688303172,2.5381984999
0.891664870985,2.87473585752,0.875837897544
2.44655466285,4.37642888914,1.71717642003
0.684301068591,2.28281565165,1.3980129781
1.85489421853,3.46523717517,1.86648167772
1.57767676434,4.10045926294,1.73044614344
1.72774411408,3.16462943675,1.06978598243
1.27480889788,3.20200645023,2.58227367206
2.44655466285,4.37642888914,1.71717642003
1.76839672404,3.60534939725,1.96459338358
0.748481744426,2.59276822729,0.868734006817
0.419425038577,3.09131110794,1.39989544981
1.18749872768,2.10415552792,0.688548899447
2.81770152203,0.640668045256,2.6826846722
1.21844184229,2.53764565518,0.352796761962
3.03394279264,1.73526804039,2.13597161749
3.45626512807,5.00021135325,3.79475261175
5.04418396625,2.2910325149,4.97973980875
3.8025375517,1.03052045878,3.37057438081
2.28149547093,3.92902504112,2.16899215133
1.52010679821,3.0545053689,1.62852462707
1.84531279512,3.40586263455,0.967259370915
0.417788968595,3.01765382829,1.77006711976
1.55277039673,3.41935754898,1.43141242619
0.336765359544,2.90104077149,1.66118918541
2.45947145928,3.67865733293,2.22682018848
0.952478140686,2.44806718407,1.32648845002
1.92591445209,3.46663683681,1.79722203451
0.859699485906,3.51478009626,1.40237804298
0.724884225256,2.80606996403,0.902620269111
2.4647360611,4.31472073022,3.72066170703
1.87231825616,2.93816854008,0.523450731161
3.27675793659,1.28885283083,3.54200438146
0.66794936675,3.02259587172,1.75008699486
0.900344885829,3.05336226848,1.00804775069
0.587655451908,2.7349321276,1.00667581648
0.437984387376,2.73496873599,1.0357237357
1.12564756751,2.51543417968,0.516308479623
2.54266301798,4.19101735833,2.70164452683
0.586656833742,3.44596131731,1.58144619563
1.86362268167,2.10212692957,0.795909397798
1.42146727355,2.73147134184,0.808710900086
2.264017729,3.54848472955,1.05208464581
1.35388633202,2.83120033953,0.705800657026
1.90550447762,2.89742377602,0.638883258978
0.40994476892,2.94592383658,1.27174123998
1.45464616118,2.89328462629,0.551630536287
0.706428033147,2.91622267082,1.50617857032
1.57351556863,2.51258642334,0.331791847784
0.357870084307,3.1010046379,1.23231294403
1.06639486741,2.16496952938,0.700011004292
1.24986922722,2.84030447653,1.50497960016
0.94418037068,2.90323121108,0.517144764881
0.142013084553,2.78721296204,1.29520028049
3.03359943407,0.845501472893,3.11842600409
1.93775426681,2.04286379271,1.31922880811
0.648392665592,3.24393986711,1.98605647715
1.63431797647,3.09939110598,1.06485646305
2.35901683978,3.88081394889,1.36038124603
0.67048322378,3.30591900286,1.90552044102
1.38036706046,2.79444305507,1.14702695188
2.57758987472,1.46920922086,1.73502728187
0.800711718104,3.01497837745,0.897361924611
2.01705058181,2.89196772956,0.7734770234
0.642322454993,3.03311739714,1.08663340104
0.781155815361,2.76760631608,0.633654923366
0.485051566465,2.9726005181,1.13987360709
1.40615445027,2.53695224277,0.552489387584
0.4507214902,3.09088600009,1.3475254058
0.760124518096,2.61117847364,1.00255546188
1.57854326686,2.1225823525,0.697150484996
0.504678253813,3.30464325425,1.56197240557
1.80959314905,3.05567562344,0.820399115861
0.719332485631,3.1648231295,0.948883626631
2.37807015023,4.00576267202,1.42167840762
0.615477516855,2.80483587553,1.11812140091
0.367742570762,3.02752506609,1.72743842833
1.68996738911,3.02400663772,0.900818781533
1.3753046654,2.92691851519,1.80438631559
0.775739080174,2.46350527924,0.803157544294
0.981715257845,3.1223211436,1.97626315733
2.24804200387,3.31272845985,1.11207050229
1.36991354117,2.73209301902,0.381716076658
1.47449370947,3.39253642472,1.22967294095
2.10702192873,3.50493882133,0.991093276246
1.35616578132,2.06736361495,1.6286798597
0.476577785007,3.02664194003,1.54670311095
0.17914351947,2.71192088914,1.25927808882
2.07309449457,2.42073956986,0.847260904646
2.45458394286,1.32051438363,1.71728221736
2.53418021791,4.00919778604,1.46027792605
1.81733087083,1.2176732255,1.76539121856
1.11430202858,2.612824649,0.397739615057
1.1768929695,3.29350879546,0.731449556021
0.653095987171,2.5039242138,1.78150359287
1.43297122341,3.13670747646,2.03601480522
0.580151166259,2.88022878541,1.72053375419
1.72116542075,2.59556876025,0.587710730269
1.2887009652,2.06224497708,0.832978241014
2.23127510924,3.68231221058,1.19812303421
0.408848349633,2.9437552044,1.32237571398
0.360963793829,2.97373528743,1.64078180148
0.568467292694,2.87849424251,1.45589625834
1.06338039885,3.15959202305,0.672943059696
1.54900359918,3.46386020363,0.795829396791
2.03205712063,3.16390221117,1.22033416145
0.741005859247,3.15925440145,1.55029933734
2.48821869518,0.94365929556,1.93892434114
0.592436733616,2.97316685041,0.888093143552
0.891021259107,3.50651721845,2.22891006724
0.909034420028,3.33754679191,1.40617908372
1.32646960359,1.73643112405,1.25223541075
2.264017729,3.54848472955,1.05208464581
1.09327192194,2.99062083726,0.501191979913
1.17890744505,3.19958508354,2.519713983
1.99836145378,4.24838827636,1.5709722787
1.59071423658,2.91092376215,0.597033041129
1.46869282576,2.39051349136,0.340993336427
1.56109669779,1.85496361281,1.56770767239
1.16890931406,3.07649447933,2.41130924468
2.62866078972,4.12817408211,2.42784117145
0.45053440128,2.98325257345,1.54667295527
0.621754256607,2.99292810132,1.2078671932
1.34092896484,2.16949809752,1.25225584138
1.62814148617,2.91340007976,0.326777741364
0.725384180002,3.31285445224,1.09974664273
1.64095784243,1.98528425575,0.755899435235
1.94870131135,3.52701953291,0.899917672302
0.603639782591,2.74260299273,1.27710040933
1.83311706492,2.63234684263,0.839598647055
0.510768299365,3.30472543971,1.53533615558
3.60087409846,0.76491320353,3.38582805848
1.82161084129,3.32844760934,2.90158735258
2.35548129439,1.66740059314,1.74885275912
0.769256778273,3.19727332542,0.916559561373
1.10000549154,2.70740767116,1.12126882972
1.75399644572,2.75703205233,1.24823223391
1.699285933,2.91370483102,0.637891823251
1.94180260893,3.85448031806,2.13433241154
2.17255789888,1.09938014962,1.83750374989
0.380468035408,2.65811119788,1.01026710257
1.04542930954,3.08833846852,0.890464274648
1.5564123307,3.42587266392,1.40217806735
2.05820748423,2.36778648088,0.873846738912
2.97574719405,1.05487424598,3.08219897144
0.563561242802,3.25306383783,1.72401887072
0.577563439146,3.15861927232,1.55775097104
1.27164488485,3.32578183383,1.93750927957
1.35552664815,3.00702194238,2.45137786974
0.806384447945,3.12145919748,1.34187227364
1.05135442536,2.1230828206,0.887291245687
0.423413013696,3.04401429232,1.62022287929
0.370349264096,2.68375057713,1.51932132485
1.55439271004,3.19254720684,0.859127924088
0.898107531086,3.59960550356,1.55127073665
1.79814548036,1.50820893116,2.13782798505
1.50757795544,2.75888325651,0.498082557058
2.25593908896,3.05828388705,1.13974120654
3.01104545547,0.456008298207,2.71112745641
1.1294905527,2.91738942212,1.41784441901
1.32969633195,3.17428857519,0.745880810162
0.855948674605,3.44886481528,1.89063310806
1.08204177708,3.29016137301,0.771983439088
2.24984433489,3.08371040082,1.17670585389
1.41970226514,2.96059449527,1.38625708814
0.690744396444,2.45288847536,1.20688358404
0.785876033323,2.60497138358,1.06984474995
1.04086318588,3.14106411354,0.927956324979
1.14775040421,3.48815913827,1.16395418009
0.705160286449,2.92520907567,1.01538811699
0.62940192872,3.2352435361,1.46544757424
0.332251236652,2.84975332881,1.45164164267
1.29043752895,3.40680050415,2.35450155392
0.668367006666,3.03743232498,0.855262297639
1.0300910499,3.0207317055,1.2400998554
1.1326298176,1.99449615698,1.88256728668
0.186876246916,2.90255468418,1.274838907
0.66794936675,3.02259587172,1.75008699486
0.686418589086,3.15119127896,1.71496011676
2.2924524118,1.4254426456,1.61217439917
1.35649444654,1.76989759988,1.25241845609
0.644092445737,3.00166846547,1.13591765044
0.324412420921,2.81651254368,1.5081643167
0.897021517824,2.40999323267,0.607488829511
0.509007131015,2.4535984029,1.36346389145
0.39603147874,3.24562517899,1.61400777227
1.5209133505,2.68333364226,0.165768800223
0.261794589588,2.6558870756,1.27175708568
2.25306226211,2.27906081662,1.28780987994
0.611463020943,3.2731818639,1.72430587209
1.74966966744,1.86767489794,0.897697133504
1.48319954521,3.36999268983,1.52220971262
1.69808316935,4.10899681376,2.84106259281
0.845609305886,2.71706577908,1.74700841164
1.20521544625,2.88759600084,0.314615907352
1.00538460789,3.15615424416,0.775911048161
0.982061330482,2.41207770595,1.26999478652
1.68763300313,2.01580277987,1.55622117792
1.50568217222,2.93827689379,2.27405673849
0.567891701692,3.09358423215,1.76329461383
2.38427334363,3.41201779709,1.18541459819
1.78026226371,1.97334625187,0.824850286812
2.51263699386,3.28863581176,1.28021994915
0.730588769528,3.24072945702,1.08381844381
1.60569365661,2.42792765545,0.485861381828
1.39251438147,3.17468449919,0.499973192845
3.23013899136,4.25781926946,2.72927980233
2.14889638615,2.37454208188,1.309337036
1.44531876406,2.985209336,1.01607867279
1.21360314022,3.59904630944,1.16078160625
2.29629881289,2.32022293811,1.96192733543
2.03269833344,2.89392525294,0.717649862043
1.09403983948,2.53563566414,0.659777889984
1.49276560171,2.7980826248,0.605739727405
0.866730787411,3.3295309231,1.03874885883
0.213825087253,3.04867473508,1.53357241516
0.533913464923,2.57057131948,1.46175251833
0.668247370156,2.6707281776,1.74766609928
0.774166829455,3.18901565449,0.902800481025
0.399289803788,2.93354989743,1.54855391331
1.54316939785,3.36008795888,2.87109683446
2.045528571,2.39835096227,0.83246753258
1.6191998448,3.6420235569,0.974986941246
0.596785223016,3.1006344944,1.53305332164
0.662842116393,2.8003465597,0.753258620195
0.912213039624,2.93141667657,0.932724441657
1.15606392427,2.43375389441,0.374528386849
1.2195562627,3.38688303172,2.5381984999
1.32278855069,2.76570549518,0.206365934807
0.987119226604,3.45538787154,2.05331354627
0.930983342775,2.44209544395,1.37711894398
0.383770950492,3.18543586451,1.33934419672
0.78077798888,2.61401695561,0.596754057356
0.59939891005,3.07578567053,1.43367077635
0.975911724807,2.11715392046,1.79457197186
0.726842797044,3.16024354752,1.58411219708
1.96514859724,3.65269727776,1.17378881234
0.740261402246,2.93223746852,0.857433155025
0.591766281591,2.40346650355,1.32007007084
0.984227445023,2.53039658088,0.487703489816
0.771194723972,2.85838896482,1.9166394848
0.23723940756,2.94563988556,1.21088784865
0.891269286646,2.85096325057,0.668878104785
0.59835282912,3.09036311939,1.28135470195
0.556313343829,3.0555810471,1.82117472744
1.46781881341,2.04975191388,0.66106946099
0.840776063154,3.11128233365,1.83144960864
1.6542075395,1.97959757649,0.795237412608
0.53140838754,2.65034908769,1.71595810735
1.51534610548,3.12136594191,0.430918942916
0.7907952821,3.02531172769,0.919842744381
1.98866488949,2.89242683852,0.680349784018
1.15264431837,3.18065136441,1.02835634453
2.05901914044,2.45396680917,1.15790810407
1.49143377279,3.82828912598,2.42249715867
0.668247370156,2.6707281776,1.74766609928
0.550095246415,2.66822737623,1.66298413883
1.32236684952,2.5968230387,2.4356864314
0.997813996355,3.31947484164,1.45967992802
1.97949835667,3.63640343989,1.00521840938
0.456863980866,3.04856247285,1.30829908488
0.846713936345,2.46528685533,1.47036002944
1.18507771992,3.28366274506,0.740058050872
1.1484601912,3.18976963689,0.829101931121
0.667460744397,2.27549223434,1.36362022556
0.81804287428,2.77636905546,1.45650844606
1.37043346393,3.5799469298,1.22247616273
1.68996738911,3.02400663772,0.900818781533
1.28395062082,1.94345999591,1.63263823738
0.941192296204,3.23360011209,0.847994644886
1.48218703473,2.12234681099,0.630151407696
0.675551584372,3.49588986999,1.4950459613
0.889295629429,3.11645130755,1.95394662374
0.592032520133,3.32005772172,1.87879126739
0.645291007268,2.94383849549,1.05756071301
2.39057291263,4.41969415956,3.44124025305
2.31607400359,2.88724802719,1.02452554458
1.04367489517,3.17802265178,2.30689069258
1.40434712035,3.53001857307,2.29901885665
1.51806812632,2.14250757382,1.02586190379
1.91146028838,1.79753288882,1.12725239643
2.20010932356,2.94900276881,2.00035844516
1.67535162267,2.18220285501,0.9743595565
0.500242491198,2.55418672747,1.62099864512
2.0192020866,2.44600972751,0.834269076935
0.695638909016,2.61662965769,0.819661238613
2.36687693109,3.28976641674,1.06267740297
1.02335449433,3.08015056064,1.44294120775
1.67535162267,2.18220285501,0.9743595565
0.830035611574,2.43442618273,1.44717122027
1.58049292836,3.02742363691,0.511700876672
1.18347087279,2.74822798837,1.01834278083
0.736757368274,3.36994599383,1.69928030732
1.11722639451,2.0259642168,1.00513114946
1.06025343246,3.30461984717,0.807831190458
2.25306226211,2.27906081662,1.28780987994
6.63742972451,3.80802788025,6.42728952116
0.928995328031,2.93982457158,0.551023956192
1.88736856902,2.71664238038,0.974814269758
1.86840944258,2.49997654615,0.652132767164
0.673499100981,2.95805959154,0.784937294169
0.334524215837,2.78010388775,1.10320976697
0.59757421752,3.20225135248,1.95946252893
1.28395062082,1.94345999591,1.63263823738
1.41080691467,2.77679737238,1.64848326562
1.76138381942,1.88164218521,0.920944498413
1.76808015692,2.75714579804,0.55420322309
0.454410820501,2.81622202668,1.75050100112
0.502152057769,3.1887227506,1.85713741392
0.551885746216,3.23357228052,1.88232297991
0.345586407982,2.83527074661,1.49002122732
0.57199334944,2.76893888995,1.53571400735
0.973796843958,3.19860314859,2.32038908099
3.03394279264,1.73526804039,2.13597161749
0.832612470408,2.50411393179,1.87127651234
1.19046605023,3.12774112772,1.38505237904
1.934424291,2.11240073035,1.95999845675
1.15831338402,3.00832472339,2.07094366795
1.70161816374,2.23335771466,1.43544435402
1.60834634955,2.68996379269,2.45142877846
1.64221323292,2.0511961992,0.953806472849
2.57109982719,1.09090813704,2.2396241313
0.816055721361,2.76544295472,0.57352682444
1.39228103757,2.72790880172,0.993755622634
1.37246882392,3.1824478025,0.911857137443
0.382500467262,3.04313722017,1.55219321138
0.905803030229,2.93855702269,0.767279263039
3.45626512807,5.00021135325,3.79475261175
1.24676510055,2.7835608396,0.974867309161
1.79607177849,2.58171906243,0.513668903893
1.79561684285,3.69745577038,1.73452879396
1.57454648806,2.42683440469,0.676696110773
5.05434652329,2.38560474899,5.08113556319
0.40994476892,2.94592383658,1.27174123998
1.05628428207,2.99930014768,0.745130980898
1.52053122336,2.70940988885,1.73260379574
1.93651319093,3.70024667543,1.01909218445
0.464891478779,3.19404759261,1.7499851523
0.669188317012,3.01137765799,1.50749874976
1.81913131341,3.73404389109,1.22809851993
0.441207665937,2.80346606071,1.17976551984
2.27691863217,2.51632791663,1.19984104337
1.67535162267,2.18220285501,0.9743595565
1.34092896484,2.16949809752,1.25225584138
1.64063612926,2.98873821327,0.374675646116
1.02335449433,3.08015056064,1.44294120775
1.28259998655,3.34281060148,2.23270862815
0.963762777009,2.87691433878,2.032031037
1.61658450767,1.79341461781,0.924459782038
1.57660355288,1.36871959045,1.42045802398
1.18392927242,2.34777936567,1.35424723735
0.705570080184,3.04411749868,1.04538732984
1.39731961852,2.38502378804,0.671412141358
1.09906074363,3.03095196231,2.13541284502
0.842195500067,3.09477917468,0.960164405702
2.15792237302,3.39943308586,1.88377590301
0.854164072315,2.57837623921,0.689345928931
6.63742972451,3.80802788025,6.42728952116
2.54209807941,3.95339569952,1.42945409129
2.27987867817,2.07060617942,1.17929955888
0.541705229345,2.99887457874,1.28915648881
1.71787673281,2.55641345463,1.23314327005
1.76114939341,2.79452344116,0.408002275863
1.02063982399,1.9587217499,1.65562338626
1.11681045004,3.21454842856,0.901441743035
0.879982178679,2.73985282214,2.03197918887
0.945049254028,3.27060276675,1.10210069572
0.753878927028,2.66724853697,1.13021512905
0.685282683394,2.59172137624,0.756722939811
1.65091738716,2.93672509546,1.02815457747
0.707817532212,2.22100128731,1.21555156901
1.35729699544,1.80458150522,1.04394087018
0.60068376662,2.61906082418,1.77751171582
1.76611850471,4.09386289765,2.78774216139
1.14433952479,3.04172823808,2.12959284776
1.45265487096,3.20210841158,0.54451183793
1.76464668435,2.18774445173,0.680443731698
1.66636797534,1.73489213423,1.84306386277
2.58077371016,2.83153255492,2.32481300762
0.633083394049,3.19121225768,1.95019978233
1.80652758115,1.57013818962,2.29150728306
2.06271193665,2.68979639523,0.723579568594
1.35556824895,3.09304480034,0.412768773642
1.82856164664,2.955352979,1.59009120285
1.04565798938,2.66957167236,0.506810573388
7.10613639687,4.28453767429,6.91366944386
2.23489775798,2.12933798063,1.56200244488
0.540195307844,3.17977675674,1.73788325439
1.15564992469,2.18255214551,1.10106213828
2.82400941514,2.70703879324,2.53881915613
3.74078527461,1.09103859977,3.27736295945
0.668247370156,2.6707281776,1.74766609928
2.79422412084,0.878815098925,2.83843766658
1.60661333897,3.77828767351,2.96722824373
2.27987867817,2.07060617942,1.17929955888
2.32355644345,3.78108966252,1.21898408461
0.766359982857,2.6669586508,1.12329368766
0.69709159962,3.16176690904,1.81961518998
1.56059537806,2.09685689504,0.624025089949
0.492533604247,3.19926596786,1.72427739943
1.69126239136,3.47640104715,0.805246380988
0.54238290416,2.79170734024,1.41402971142
0.900344885829,3.05336226848,1.00804775069
0.925305980555,2.98619923651,1.00723531115
1.255188544,3.17515558161,2.28825579836
1.32078544231,3.92560667843,2.44855660568
0.690770366434,3.26865315272,1.07860058807
1.69878896136,2.89540109164,1.04241706621
0.311067612981,2.94663977057,1.30469761384
0.6338217863,3.32383421636,1.76328080994
1.06148062552,2.98143359034,1.94131959186
1.13659667145,2.30059846479,1.96346850072
1.00650964028,2.95115430089,1.87982618466
1.14775040421,3.48815913827,1.16395418009
0.380468035408,2.65811119788,1.01026710257
1.22418226719,2.23387833512,0.828979141836
1.06244648774,2.26666988383,0.914348047336
1.35880883993,3.59500745151,2.72367394538
1.35948700194,2.85121554614,0.443598088944
1.30951799265,3.46148455111,1.50324037843
0.917865797357,3.42612917238,2.21934394492
0.615477516855,2.80483587553,1.11812140091
0.538525464205,3.3721945526,1.48328768949
1.69965068104,2.42194734123,1.89155589745
2.22903746004,1.64402139973,1.34258921083
0.496061283769,2.86800733765,0.92456836226
0.631796691164,3.28775074202,1.37300380478
1.00098868288,3.58439472946,1.78700838184
0.467831201958,3.23926134091,1.76399732672
0.611616175227,2.32669020747,1.28736475838
1.74958647273,3.0703679079,0.700651861265
1.32644770443,3.48913099371,2.63386550083
