1.87772441064,1.24309788083,0.445501705204,2.37978032055
0.130740746512,0.765367276325,1.56296345195,0.371315163396
1.28499570496,0.650369175148,0.147227000479,1.78705161487
0.709664302789,0.0750377729759,0.722558402651,1.2117202127
1.76830389233,1.13367736252,0.336081186893,2.27035980224
0.568387576137,0.066238953676,0.863835129303,1.07044348605
0.63036154582,1.26498807563,2.06258425126,0.128305635912
0.435925914196,0.198700615617,0.996296791244,0.937981824104
0.27641871527,0.911045245084,1.70864142071,0.225637194638
0.197474065457,0.83210059527,1.6296967709,0.304581844451
0.291700072075,0.342926457738,1.14052263336,0.793755981983
0.450885028165,1.08551155798,1.8831077336,0.0511708817432
0.864022588037,0.229396058224,0.568200117403,1.36607849794
0.128418245733,0.50620828408,1.30380445971,0.630474155641
0.620541235068,0.0140852947448,0.811681470372,1.12259714498
0.109025363594,0.743651893407,1.54124806903,0.393030546314
0.158955140469,0.793581670282,1.59117784591,0.343100769439
0.654673016523,0.0200464867095,0.777549688917,1.15672892643
0.0631120324083,0.571514497405,1.36911067303,0.565167942316
1.11666467878,0.48203814897,0.315558026657,1.61872058869
0.0752444414848,0.709870971298,1.50746714692,0.426811468423
0.249814294622,0.884440824435,1.68203700006,0.252241615286
0.0299871404325,0.604639389381,1.40223556501,0.53204305034
0.617027191863,0.01759933795,0.815195513577,1.11908310177
0.191571179094,0.443055350719,1.24065152635,0.693627089002
0.0310953856819,0.603531144131,1.40112731976,0.53315129559
0.235364591177,0.86999112099,1.66758729662,0.266691318731
0.62643303527,0.00819349454315,0.80578967017,1.12848894518
0.250644855288,0.383981674525,1.18157785015,0.752700765196
1.05855491909,0.423928389278,0.373667786349,1.560610829
1.11517889512,0.480552365305,0.317043810322,1.61723480503
0.461381195609,1.09600772542,1.89360390105,0.0406747142986
0.556977946984,0.0776485828287,0.875244758456,1.05903385689
1.23759167034,0.602965140525,0.194631035102,1.73964758025
0.337319733812,0.971946263625,1.76954243925,0.164736176096
0.258163457318,0.376463072495,1.17405924812,0.760219367226
0.947553153033,1.58217968285,2.37977585847,0.445497243125
0.0249261820232,0.659552711836,1.45714888746,0.477129727885
0.81775705133,1.45238358114,2.24997975677,0.315701141422
0.199450495702,0.834077025515,1.63167320114,0.302605414206
1.33307450382,1.96770103363,2.76529720926,0.831018593913
0.265345986701,0.369280543112,1.16687671874,0.767401896609
0.0854820791534,0.54914445066,1.34674062629,0.587537989061
0.307775227419,0.942401757232,1.73999793286,0.194280682489
0.468433221203,1.10305975102,1.90065592664,0.0336226887049
0.843651119037,0.209024589224,0.588571586403,1.34570702894
0.346656906794,0.981283436607,1.77887961223,0.155399003114
0.561974214884,0.0726523149293,0.870248490556,1.06403012479
0.815554090283,0.18092756047,0.616668615157,1.31761000019
1.42969905683,0.795072527012,0.00252364861504,1.93175496673
0.397178979521,1.03180550933,1.82940168496,0.104876930387
0.362128948226,0.272497581588,1.07009375721,0.864184858134
1.54758846117,0.912961931357,0.11536575573,2.04964437108
0.334815449177,0.969441978991,1.76703815462,0.167240460731
0.479913013368,0.154713516445,0.952309692072,0.981968923276
1.09997933095,0.465352801135,0.332243374492,1.60203524086
1.31816791722,0.683541387406,0.114054788221,1.82022382713
0.884166032728,0.249539502915,0.548056672712,1.38622194264
0.651949173694,0.0173226438806,0.780273531746,1.1540050836
0.107216485921,0.527410043892,1.32500621952,0.609272395829
0.589534081482,1.2241606113,2.02175678692,0.0874781715741
0.000751497426395,0.633875032387,1.43147120801,0.502807407334
0.683687735942,0.0490612061288,0.748534969498,1.18574364585
0.355325334429,0.279301195384,1.07689737101,0.857381244337
0.395767463308,0.238859066505,1.03645524213,0.897823373216
1.78474288106,1.15011635125,0.352520175619,2.28679879097
0.299127998837,0.335498530976,1.1330947066,0.801183908745
1.83212707274,1.19750054293,0.399904367301,2.33418298265
0.14821069837,0.486415831443,1.28401200707,0.650266608278
1.1161463832,0.481519853388,0.316076322239,1.61820229311
0.474258268948,0.160368260865,0.957964436492,0.976314178856
0.332534942588,0.967161472402,1.76475764803,0.16952096732
0.27736007594,0.357266453873,1.1548626295,0.779415985848
0.456309974559,0.178316555254,0.975912730881,0.958365884467
0.0973219114731,0.731948441286,1.52954461691,0.404733998435
0.564042563941,0.0705839658726,0.868180141499,1.06609847385
1.58021461603,0.945588086214,0.147991910587,2.08227052593
0.634510276121,0.000116253692601,0.797712429319,1.13656618603
0.0912339521372,0.543392577676,1.3409887533,0.593289862045
0.084487640135,0.550138889678,1.3477350653,0.586543550043
0.412325605331,0.222300924482,1.01989710011,0.914381515239
0.0787599799461,0.555866549867,1.35346272549,0.580815889854
0.17448436736,0.809110897173,1.6067070728,0.327571542548
0.456952050783,1.0915785806,1.88917475622,0.0451038591246
1.26702182328,0.632395293464,0.165200882163,1.76907773319
0.158015287683,0.47661124213,1.27420741776,0.660071197591
1.81750611042,1.18287958061,0.385283404982,2.31956202033
0.422393768704,0.212232761109,1.00982893674,0.924449678612
0.280061882253,0.35456464756,1.15216082319,0.782117792161
1.12052247334,0.485895943525,0.311700232102,1.62257838325
0.174089332192,0.808715862005,1.60631203763,0.327966577716
0.127527227953,0.762153757766,1.55974993339,0.374528681955
1.23247572181,0.597849191993,0.199746983633,1.73453163171
0.72395096067,0.0893244308568,0.70827174477,1.22600687058
1.14159413568,0.506967605865,0.290628569762,1.64365004559
0.0876126699041,0.722239199717,1.51983537534,0.414443240004
0.704173414825,0.0695468850117,0.728049290615,1.20622932473
1.30892362211,0.674297092298,0.123299083329,1.81097953202
1.01458464843,0.379958118619,0.417638057008,1.51664055834
0.656484609518,0.0218580797044,0.775738095922,1.15854051943
0.826906821293,0.19228029148,0.605315884147,1.3289627312
0.699518024756,0.0648914949432,0.732704680684,1.20157393466
0.658832125802,0.0242055959889,0.773390579638,1.16088803571
0.347190773644,0.28743575617,1.0850319318,0.849246683552
0.340781520591,0.975408050404,1.77300422603,0.161274389317
0.302046879102,0.936673408915,1.73426958454,0.200009030806
0.389833819084,1.0244603489,1.82205652452,0.112222090824
1.33764875839,0.703022228573,0.0945739470536,1.83970466829
1.5561609894,0.92153445959,0.123938283963,2.05821689931
0.618995682412,0.0156308474015,0.813227023028,1.12105159232
0.612302459621,1.24692898943,2.04452516506,0.110246549713
1.37456442436,0.739937894542,0.0576582810845,1.87662033426
0.0126519377096,0.647278467523,1.44487464315,0.489403972198
1.13923292539,0.504606395576,0.29298978005,1.6412888353
0.474258268948,0.160368260865,0.957964436492,0.976314178856
1.06276301757,0.428136487754,0.369459687873,1.56481892748
0.481531888114,0.153094641699,0.950690817326,0.983587798022
0.201631961947,0.83625849176,1.63385466739,0.300423947961
1.06339210497,0.428765575152,0.368830600475,1.56544801487
0.509554090238,0.125072439575,0.922668615202,1.01161000015
0.216013967572,0.850640497385,1.64823667301,0.286041942336
1.60718930363,0.972562773813,0.174966598186,2.10924521353
0.011856776626,0.622769753187,1.42036592881,0.513912686534
1.25137442296,0.616747893147,0.18084828248,1.75343033287
0.159470270785,0.794096800598,1.59169297622,0.342585639123
0.171007526454,0.463619003359,1.26121517899,0.673063436362
0.726844129788,0.0922175999746,0.705378575652,1.2289000397
0.147020242212,0.487606287601,1.28520246323,0.64907615212
0.538590694409,0.0960358354046,0.893632011031,1.04064660432
0.5215454794,1.15617200921,1.95376818484,0.0194895694923
0.0757032180381,0.558923311775,1.3565194874,0.577759127946
0.322813379512,0.311813150301,1.10940932593,0.82486928942
0.320151525572,0.954778055385,1.75237423101,0.181904384336
0.819761925096,0.185135395283,0.612460780344,1.321817835
0.961378276091,0.326751746278,0.470844429349,1.463434186
1.53583588981,0.901209359994,0.103613184367,2.03789179972
0.0490007234644,0.683627253278,1.4812234289,0.453055186444
0.312979950306,0.947606480119,1.74520265575,0.189075959602
0.124475250422,0.759101780235,1.55669795586,0.377580659486
0.516931531453,0.11769499836,0.915291173987,1.01898744136
0.00689718017521,0.627729349638,1.42532552526,0.508953090083
0.310808450953,0.32381807886,1.12141425449,0.812864360861
0.485276413712,0.149350116102,0.946946291728,0.98733232362
0.0946177815366,0.72924431135,1.52684048698,0.407438128371
0.316691503238,0.317935026575,1.1155312022,0.818747413146
0.413141681233,1.04776821105,1.84536438667,0.0889142286746
0.0212512759721,0.655877805785,1.45347398141,0.480804633936
0.31115247591,0.323474053903,1.12107022953,0.813208385818
0.292032479361,0.926659009174,1.7242551848,0.210023430547
0.555722796558,0.0789037332552,0.876499908882,1.05777870647
0.237191920907,0.87181845072,1.66941462635,0.264863989001
1.22657995806,0.591953428249,0.205642747378,1.72863586797
0.481517515931,0.153109013882,0.950705189509,0.983573425839
0.647195720557,1.28182225037,2.079418426,0.145139810649
1.27600513336,0.641378603549,0.156217572078,1.77806104327
0.335071771666,0.969698301479,1.76729447711,0.166984138242
0.285551800286,0.349074729527,1.14667090515,0.787607710194
0.500559836902,0.134066692911,0.931662868538,1.00261574681
0.262515610936,0.372110918877,1.1697070945,0.764571520844
0.319953871185,0.954580400999,1.75217657663,0.182102038723
0.0110233413564,0.623603188457,1.42119936408,0.513079251264
0.608191738748,0.0264347910655,0.824030966692,1.11024764866
0.210693650356,0.845320180169,1.6429163558,0.291362259552
0.420215446917,0.214411082896,1.01200725852,0.922271356825
0.211759630644,0.846386160457,1.64398233608,0.290296279264
0.234005345088,0.868631874901,1.66622805053,0.26805056482
1.79865255502,1.16402602521,0.366429849581,2.30070846493
0.158944740683,0.475681789131,1.27327796476,0.661000650591
0.749771863561,0.115145333748,0.682450841879,1.25182777347
0.13475761933,0.499868910483,1.29746508611,0.636813529238
0.381285619983,0.25334090983,1.05093708546,0.883341529891
0.0467222757452,0.587904254068,1.38550042969,0.548778185653
0.979224670156,0.344598140343,0.452998035284,1.48128058006
0.0289486620586,0.663575191872,1.4611713675,0.473107247849
0.716603737609,0.0819772077956,0.715618967831,1.21865964752
0.0125180038979,0.622108525915,1.41970470154,0.514573913806
0.173693737848,0.460932791965,1.25852896759,0.675749647756
0.0845817542813,0.550044775532,1.34764095116,0.586637664189
0.918523097685,0.283896567872,0.513699607755,1.42057900759
0.130112488145,0.764739017959,1.56233519359,0.371943421763
0.198289578426,0.436336951387,1.23393312701,0.700345488334
1.06207648748,0.427449957666,0.370146217961,1.56413239739
0.230028415374,0.864654945187,1.66225112081,0.272027494534
1.82553438288,1.19090785307,0.393311677439,2.32759029279
0.379586318907,1.01421284872,1.81180902435,0.122469591001
0.651101654472,1.28572818428,2.08332435991,0.149045744564
0.540807870365,0.0938186594483,0.891414835075,1.04286378027
0.549298482108,0.0853280477053,0.882924223332,1.05135439202
1.14760658645,0.512980056633,0.284616118994,1.64966249635
0.663488222136,0.0288616923229,0.768734483304,1.16554413204
0.161980307972,0.796606837785,1.59420301341,0.340075601936
0.445447756501,0.189178773312,0.986774948939,0.947503666409
0.100485509847,0.73511203966,1.53270821529,0.401570400061
0.0916333653606,0.542993164452,1.34058934008,0.593689275269
0.0725668479668,0.70719337778,1.50478955341,0.429489061941
0.401973749587,1.0366002794,1.83419645503,0.100082160321
1.16602405717,0.531397527359,0.266198648268,1.66807996708
0.519152807416,1.15377933723,1.95137551286,0.0170968975081
0.407388440854,0.227238088959,1.02483426459,0.909444350762
1.15251462546,0.517888095649,0.279708079978,1.65457053537
1.71847109051,1.0838445607,0.286248385069,2.22052700042
1.93131652302,1.29668999321,0.499093817581,2.43337243293
0.154876165769,0.479750364044,1.27734653967,0.656932075677
0.0468832832524,0.681509813066,1.47910598869,0.455172626656
0.71455019339,0.0799236635767,0.71767251205,1.2166061033
0.631867693326,0.00275883648701,0.800355012114,1.13392360323
0.559087598349,0.0755389314646,0.873135107091,1.06114350826
1.97244807365,1.33782154383,0.540225368206,2.47450398355
0.938600745469,0.303974215656,0.493621959971,1.44065665538
0.149211837301,0.783838367114,1.58143454274,0.352844072607
0.358517112899,0.993143642712,1.79073981834,0.143538797009
0.371106513948,0.263520015865,1.06111619149,0.873162423856
1.53583588981,0.901209359994,0.103613184367,2.03789179972
0.801031893774,0.166405363961,0.631190811666,1.30308780368
0.656121704281,0.0214951744679,0.776101001159,1.15817761419
0.50027257913,0.134353950683,0.93195012631,1.00232848904
0.766216069312,0.131589539499,0.666006636128,1.26827197922
0.249113822995,0.385512706819,1.18310888245,0.751169732903
0.988495238009,0.353868708195,0.443727467431,1.49055114792
1.52647381765,0.891847287842,0.0942511122147,2.02852972756
0.12218119959,0.512445330223,1.31004150585,0.624237109498
0.838608078079,0.203981548266,0.593614627361,1.34066398799
0.43536140473,1.06998793454,1.86758411017,0.0666945051775
0.594930022513,0.0396965073005,0.837292682927,1.09698593242
0.601400836409,0.0332256934042,0.830821869031,1.10345674632
0.459466594975,0.175159934839,0.972756110465,0.961522504883
0.906944813318,1.54157134313,2.33916751876,0.40488890341
0.229559913457,0.405066616356,1.20266279198,0.731615823365
0.485922464338,1.12054899415,1.91814516978,0.0161334455699
1.11005679766,0.475430267844,0.322165907783,1.61211270756
0.458063440492,1.0926899703,1.89028614593,0.0439924694163
0.681203286049,0.0465767562358,0.751019419391,1.18325919596
1.04735471486,0.412728185043,0.384867990584,1.54941062476
1.07152761754,0.436901087728,0.360695087899,1.57358352745
0.144051568284,0.49057496153,1.28817113716,0.646107478192
1.27905930623,0.644432776415,0.153163399212,1.78111521614
1.17867954712,1.81330607694,2.61090225256,0.676623637216
0.275911226472,0.358715303342,1.15631147897,0.777967136379
0.0064267739959,0.641053303809,1.43864947944,0.495629135912
0.133894086002,0.500732443811,1.29832861944,0.63594999591
0.583888904063,1.21851543388,2.0161116095,0.0818329941547
0.41882529831,1.05345182812,1.85104800375,0.083230611598
1.65575847078,1.02113194096,0.223535765337,2.15781438069
0.955630793776,0.321004263963,0.476591911664,1.45768670368
1.15875221883,0.524125689017,0.27347048661,1.66080812874
0.186647422394,0.447979107419,1.24557528305,0.688703332302
1.4423940645,0.807767534687,0.0101713590604,1.94444997441
0.0192124777514,0.653839007565,1.45143518319,0.482843432157
0.666880305873,1.30150683569,2.09910301131,0.164824395965
0.169461973797,0.465164556016,1.26276073164,0.671517883705
1.44795910359,0.813332573775,0.0157363981478,1.9500150135
1.44088615965,2.07551268946,2.87310886509,0.938830249743
0.161311695331,0.473314834482,1.27091101011,0.663367605239
0.50204861418,0.132577915633,0.93017409126,1.00410452409
0.654292179213,0.0196656494003,0.777930526227,1.15634808912
1.16184180698,0.527215277172,0.270380898455,1.66389771689
0.478082265565,0.156544264248,0.954140439875,0.980138175473
0.303456600791,0.938083130604,1.73567930623,0.198599309117
0.631867693326,0.00275883648701,0.800355012114,1.13392360323
0.101204038913,0.735830568727,1.53342674435,0.400851870995
0.843285089233,0.20865855942,0.588937616207,1.34534099914
0.0126519377096,0.647278467523,1.44487464315,0.489403972198
0.538936097627,1.17356262744,1.97115880307,0.0368801877192
0.0428502625274,0.591776267286,1.38937244291,0.544906172435
1.45117001229,0.816543482479,0.0189473068522,1.9532259222
0.627402171468,0.0072243583455,0.804820533972,1.12945808138
0.216062935964,0.850689465777,1.6482856414,0.285992973944
0.737399388044,0.102772858231,0.694823317396,1.23945529795
0.511645015932,1.14627154574,1.94386772137,0.00958910602367
0.543152944019,1.17777947383,1.97537564946,0.0410970341112
0.0820354847263,0.716662014539,1.51425819017,0.420020425182
1.2216598831,0.587033353285,0.210562822342,1.72371579301
0.848954881348,0.214328351535,0.583267824092,1.35101079126
0.00501637504418,0.639642904857,1.43723908048,0.497039534864
1.64648913651,1.0118626067,0.214266431075,2.14854504642
0.498453060142,1.13307958995,1.93067576558,0.00360284976643
0.460771255339,0.173855274474,0.971451450101,0.962827165247
1.28524724307,0.650620713261,0.146975462366,1.78730315298
0.44698687667,0.187639653143,0.98523582877,0.949042786578
0.0923707893269,0.72699731914,1.52459349477,0.409685120581
1.51153359858,0.876907068771,0.0793108931446,2.01358950849
0.255184387362,0.379442142451,1.17703831808,0.75724029727
0.216647682067,0.417978847746,1.21557502337,0.718703591975
0.674637669712,1.30926419952,2.10686037515,0.172581759804
1.45632002243,0.821693492615,0.0240973169879,1.95837593234
0.167684846054,0.466941683759,1.26453785939,0.669740755962
0.192172083966,0.826798613779,1.62439478941,0.309883825942
0.116393084292,0.751019614106,1.54861578973,0.385662825616
0.212353139284,0.846979669097,1.64457584472,0.289702770624
1.4028711335,0.768244603687,0.0293515719398,1.90492704341
0.156425277399,0.478201252415,1.27579742804,0.658481187307
0.196722426582,0.831348956395,1.62894513202,0.305333483326
0.546442651757,0.0881838780566,0.885780053683,1.04849856166
0.293180660612,0.927807190425,1.72540336605,0.208875249296
0.141919762315,0.776546292128,1.57414246776,0.360136147593
0.043257204691,0.677883734504,1.47547991013,0.458798705217
2.03795440855,1.40332787874,0.605731703113,2.54001031846
1.20359573072,0.568969200903,0.228626974724,1.70565164062
0.607108807182,0.0275177226315,0.825113898258,1.10916471709
0.150286576367,0.78491310618,1.58250928181,0.351769333541
0.05000159497,0.684628124783,1.48222430041,0.452054314938
0.32832491863,0.306301611183,1.10389778681,0.830380828538
0.595565803392,0.0390607264207,0.836656902048,1.0976217133
0.231202316629,0.865828846443,1.66342502207,0.270853593279
0.199943608557,0.83457013837,1.632166314,0.302112301351
0.799268580128,0.164642050315,0.632954125312,1.30132449004
0.10079709675,0.533829433063,1.33142560869,0.602853006658
0.315932339182,0.318694190631,1.11629036626,0.81798824909
0.529154246418,0.105472283395,0.903068459022,1.03121015633
0.415219867143,0.21940666267,1.0170028383,0.917275777051
0.398016521901,1.03264305171,1.83023922734,0.104039388007
0.381928926045,0.252697603768,1.0502937794,0.883984835953
0.768798983322,0.134172453509,0.663423722118,1.27085489323
0.212569543913,0.847196073726,1.64479224935,0.289486365995
0.47620022684,1.11082675665,1.90842293228,0.025855683068
0.63036154582,1.26498807563,2.06258425126,0.128305635912
0.534847416113,1.16947394593,1.96707012155,0.0327915062049
1.69857208321,1.06394555339,0.266349377766,2.20062799311
0.419620968345,0.215005561468,1.01260173709,0.921676878253
0.023597434805,0.611029095008,1.40862527063,0.525653344713
0.534136805932,1.16876333575,1.96635951137,0.0320808960243
0.963662888873,0.32903635906,0.468559816567,1.46571879878
2.30673510161,1.6721085718,0.874512396169,2.80879101152
0.607108807182,0.0275177226315,0.825113898258,1.10916471709
1.46151681557,0.826890285752,0.0292941101256,1.96357272547
0.626749706733,1.26137623655,2.05897241217,0.124693796825
1.29173817351,0.657111643701,0.140484531926,1.79379408342
0.321528689112,0.313097840701,1.11069401633,0.82358459902
0.50027257913,0.134353950683,0.93195012631,1.00232848904
0.906254991439,0.271628461626,0.525967714001,1.40831090135
0.151945242454,0.482681287359,1.28027746299,0.654001152362
0.301072484843,0.935699014656,1.73329519028,0.200983425065
0.443308958869,0.191317570944,0.988913746571,0.945364868777
0.487493853334,0.147132676479,0.944728852106,0.989549763242
0.125893301753,0.50873322806,1.30632940369,0.627949211661
1.06339210497,0.428765575152,0.368830600475,1.56544801487
0.372482865919,1.00710939573,1.80470557136,0.129573043988
0.0864571105606,0.548169419253,1.34576559488,0.588513020469
0.0750807077923,0.709707237605,1.50730341323,0.426975202116
2.21386012576,1.57923359595,0.781637420324,2.71591603567
0.735269479232,0.100642949419,0.696953226208,1.23732538914
0.346503295517,0.98112982533,1.77872600096,0.155552614391
0.00809981427299,0.642726344086,1.44032251971,0.493956095635
0.699518024756,0.0648914949432,0.732704680684,1.20157393466
0.285935073119,0.348691456694,1.14628763232,0.787990983027
0.327418020368,0.307208509445,1.10480468507,0.829473930276
1.13923292539,0.504606395576,0.29298978005,1.6412888353
0.961160658673,0.32653412886,0.471062046767,1.46321656858
1.56727474557,0.93264821576,0.135052040133,2.06933065548
0.247104561231,0.881731091044,1.67932726667,0.254951348677
2.41663506953,1.78200853972,0.984412364089,2.91869097944
0.481747193858,1.11637372367,1.9139698993,0.02030871605
1.24437451022,0.609747980408,0.187848195219,1.74643042013
0.227618092035,0.407008437778,1.2046046134,0.729674001943
0.412119339492,1.04674586931,1.84434204493,0.0899365704156
0.472258851312,0.162367678501,0.959963854128,0.97431476122
0.0650906409385,0.699717170752,1.49731334638,0.436965268969
1.59060464333,0.955978113513,0.158381937886,2.09266055323
1.05982073916,0.425194209346,0.37240196628,1.56187664907
0.0757032180381,0.558923311775,1.3565194874,0.577759127946
0.0546495970013,0.579976932812,1.37757310844,0.556705506909
0.18345837411,0.818084903923,1.61568107955,0.318597535798
0.171117517324,0.463509012489,1.26110518812,0.673173427232
1.24844416788,0.613817638071,0.183778537556,1.75050007779
0.617027191863,0.01759933795,0.815195513577,1.11908310177
0.955625453983,0.32099892417,0.476597251457,1.45768136389
0.547277320623,0.0873492091898,0.884945384817,1.04933323053
0.42220337583,0.212423153983,1.01001932961,0.924259285738
0.27736007594,0.357266453873,1.1548626295,0.779415985848
0.9533932549,1.58801978471,2.38561596034,0.451337344992
0.715186501601,0.0805599717882,0.717036203839,1.21724241151
0.013916651377,0.620709878436,1.41830605406,0.515972561285
1.01761665299,0.382990123177,0.41460605245,1.5196725629
0.295500139455,0.339126390358,1.13672256599,0.797556049363
0.518514827445,0.116111702368,0.913707877995,1.02057073735
0.953566275552,0.318939745739,0.478656429888,1.45562218546
1.35258598384,0.717959454029,0.0796367215976,1.85464189375
0.739461710933,0.10483518112,0.692760994507,1.24151762084
1.0663881262,0.431761596385,0.365834579242,1.56844403611
0.58408285215,0.0505436776631,0.84813985329,1.08613876206
0.0208975539742,0.655524083787,1.45312025941,0.481158355934
0.00688391439074,0.641510444204,1.43910661983,0.495171995517
0.746509640277,0.111883110463,0.685713065163,1.24856555018
0.925585792918,0.290959263105,0.506636912522,1.42764170283
0.302046879102,0.936673408915,1.73426958454,0.200009030806
0.294281239778,0.928907769591,1.72650394522,0.20777467013
1.25226871992,0.617642190104,0.179953985522,1.75432462983
0.0377061376583,0.596920392155,1.39451656778,0.539762047566
1.11517889512,0.480552365305,0.317043810322,1.61723480503
0.373144503948,0.261482025865,1.05907820149,0.875200413856
0.216013967572,0.850640497385,1.64823667301,0.286041942336
0.0475990786163,0.587027451197,1.38462362682,0.549654988524
0.370391550278,1.00501808009,1.80261425572,0.13166435963
0.5865013888,1.22112791861,2.01872409424,0.0844454788924
0.410214720369,0.224411809444,1.02200798507,0.912270630277
1.87772441064,1.24309788083,0.445501705204,2.37978032055
0.509387483031,0.125239046783,0.922835222409,1.01144339294
1.53891249465,0.904285964838,0.106689789211,2.04096840456
1.74241049638,1.10778396657,0.310187790943,2.24446640629
0.65825694294,0.0236304131265,0.7739657625,1.16031285285
0.543152944019,1.17777947383,1.97537564946,0.0410970341112
1.53910822732,0.904481697505,0.106885521878,2.04116413723
0.266670901337,0.90129743115,1.69889360678,0.235385008571
1.44338195094,0.808755421124,0.0111592454974,1.94543786085
0.0304561796287,0.665082709442,1.46267888507,0.471599730279
0.364809556161,0.269816973652,1.06741314928,0.866865466069
1.27148257713,1.90610910695,2.70370528257,0.769426667225
0.12334552499,0.757972054803,1.55556823043,0.378710384918
2.22659028774,1.59196375793,0.794367582299,2.72864619765
0.0820837612344,0.552542768579,1.35013894421,0.584139671142
0.632271500975,1.26689803079,2.06449420642,0.130215591067
0.0897570709937,0.724383600807,1.52197977643,0.412298838914
0.962878299232,0.328251769419,0.469344406208,1.46493420914
0.708699677356,0.0740731475429,0.723523028084,1.21075558726
0.0973219114731,0.731948441286,1.52954461691,0.404733998435
0.543152944019,1.17777947383,1.97537564946,0.0410970341112
0.112757171306,0.521869358507,1.31946553413,0.614813081214
0.407669269896,1.04229579971,1.83989197534,0.0943866400122
0.490481136598,0.144145393215,0.941741568842,0.992537046506
0.331752115629,0.966378645442,1.76397482107,0.170303794279
0.0918788992065,0.72650542902,1.52410160465,0.410177010701
0.191571179094,0.443055350719,1.24065152635,0.693627089002
0.285556596616,0.92018312643,1.71777930206,0.216499313292
1.47511502163,0.840488491818,0.0428923161913,1.97717093154
0.371493493082,1.0061200229,1.80371619852,0.130562416826
0.0844170725557,0.719043602369,1.516639778,0.417638837352
0.163979311094,0.798605840907,1.59620201653,0.338076598814
0.506160697597,0.128465832216,0.926062007843,1.00821660751
0.733786719928,0.0991601901152,0.698435985512,1.23584262984
0.00322761767495,0.637854147488,1.43545032311,0.498828292233
1.64020134116,1.00557481135,0.207978635724,2.14225725107
0.0719385896006,0.706565119414,1.50416129504,0.430117320307
0.100831158349,0.533795371464,1.33139154709,0.602887068257
0.306971605736,0.941598135549,1.73919431118,0.195084304172
0.413070554481,1.04769708429,1.84529325992,0.0889853554272
0.473813572827,1.10844010264,1.90603627827,0.0282423370811
0.456908826751,1.09153535656,1.88913153219,0.045147083157
1.12543597867,1.76006250848,2.55765868411,0.623380068761
0.356271483235,0.278355046578,1.07595122221,0.858327393143
0.418637758145,1.05326428796,1.85086046359,0.0834181517628
0.497481998465,0.137144531348,0.934740706975,0.999537908373
0.166623662094,0.801250191908,1.59884636753,0.335432247814
0.523853874091,0.110772655722,0.908368831349,1.025909784
0.127161184446,0.507465345368,1.30506152099,0.629217094354
2.98241289317,2.34778636336,1.55019018773,3.48446880308
0.463719833019,1.09834636283,1.89594253846,0.0383360768895
0.441770812393,1.07639734221,1.87399351783,0.060285097515
0.413141681233,1.04776821105,1.84536438667,0.0889142286746
0.541772779355,0.0928537504578,0.890449926085,1.04382868926
1.95780712748,1.32318059767,0.525584422045,2.45986303739
0.436784795857,0.197841733956,0.995437909583,0.938840705765
0.215417708179,0.850044237992,1.64764041362,0.286638201729
0.258163457318,0.376463072495,1.17405924812,0.760219367226
0.271294552337,0.363331977476,1.1609281531,0.773350462245
0.601400836409,0.0332256934042,0.830821869031,1.10345674632
0.122864456274,0.757490986087,1.55508716171,0.379191453634
0.300217223993,0.934843753806,1.73243992943,0.201838685915
0.0761533804744,0.558473149339,1.35606932497,0.578209290382
1.43820430175,0.803577771932,0.00598159630526,1.94026021165
1.06671286364,0.432086333826,0.365509841801,1.56876877355
0.932593087272,0.297966557459,0.499629618168,1.43464899718
0.140594694164,0.494031835649,1.29162801128,0.642650604072
1.53910822732,0.904481697505,0.106885521878,2.04116413723
1.20202254894,0.567396019131,0.230200156496,1.70407845885
1.18883510392,0.55420857411,0.243387601517,1.69089101383
1.91583667903,1.28121014922,0.483613973592,2.41789258894
0.0064267739959,0.641053303809,1.43864947944,0.495629135912
0.80440463526,0.169778105447,0.62781807018,1.30646054517
1.33324126539,0.698614735581,0.0989814400454,1.8352971753
0.0562826941726,0.690909223986,1.48850539961,0.445773215735
0.318319944984,0.316306584829,1.11390276046,0.820375854892
0.156425277399,0.478201252415,1.27579742804,0.658481187307
1.38678012333,0.752153593516,0.0454425821113,1.88883603324
0.0358251878665,0.598801341947,1.39639751757,0.537881097775
0.450587370605,0.184039159208,0.981635334835,0.952643280513
0.26745838263,0.902084912443,1.69968108807,0.234597527278
0.548679376227,0.0859471535864,0.883543329213,1.05073528613
0.525148011396,0.109478518417,0.907074694044,1.0272039213
0.647869241015,0.0132427112022,0.784353464425,1.14992515092
0.450896790501,1.08552332031,1.88311949594,0.0511591194067
1.63005508394,0.995428554123,0.197832378496,2.13211099384
0.252596112752,0.382030417061,1.17962659269,0.75465202266
2.12971649743,1.49508996762,0.69749379199,2.63177240734
0.10079709675,0.533829433063,1.33142560869,0.602853006658
1.4963597418,0.86173321199,0.0641370363631,1.99841565171
0.592831311731,0.0417952180819,0.839391393709,1.09488722164
0.397997507997,1.03262403781,1.83022021344,0.104058401911
0.682429030304,1.31705556012,2.11465173574,0.180373120396
0.318182346902,0.952808876715,1.75040505234,0.183873563006
1.08231349909,0.447686969279,0.349909206348,1.584369409
0.297725669622,0.336900860191,1.13449703582,0.79978157953
1.9216978439,1.28707131408,0.489475138457,2.42375375381
1.37456442436,0.739937894542,0.0576582810845,1.87662033426
0.509343170065,1.14396969988,1.94156587551,0.00728726015728
0.595887930985,0.038738598828,0.836334774455,1.09794384089
0.487493853334,0.147132676479,0.944728852106,0.989549763242
0.201631961947,0.83625849176,1.63385466739,0.300423947961
0.197990298412,0.832616828226,1.63021300385,0.304065611496
0.632970345063,0.00165618475063,0.799252360377,1.13502625497
1.09878614485,0.464159615033,0.333436560594,1.60084205475
0.988517810888,0.353891281075,0.443704894552,1.4905737208
0.141132007409,0.775758537222,1.57335471285,0.360923902499
1.34103450575,0.706407975934,0.0911881996925,1.84309041566
0.118801498284,0.515825031529,1.31342120716,0.620857408192
0.506160697597,0.128465832216,0.926062007843,1.00821660751
1.33523202712,0.700605497309,0.0969906783177,1.83728793703
0.00986203146465,0.624764498348,1.42236067398,0.511917941373
0.320851729029,0.313774800784,1.11137097641,0.822907638937
1.24897081767,0.614344287857,0.183251887769,1.75102672758
0.741015495037,0.106388965224,0.691207210403,1.24307140494
0.434708117158,1.06933464697,1.8669308226,0.0673477927504
0.674449195145,0.0398226653319,0.757773510295,1.17650510505
0.103449391206,0.738075921019,1.53567209665,0.398606518702
0.511121531403,1.14574806122,1.94334423684,0.00906562149524
1.27668333005,0.64205680024,0.155539375387,1.77873923996
0.364809556161,0.269816973652,1.06741314928,0.866865466069
0.0598607523751,0.574765777438,1.37236195306,0.561916662283
0.146742431345,0.487884098469,1.2854802741,0.648798341253
0.227618092035,0.407008437778,1.2046046134,0.729674001943
0.734973898003,0.10034736819,0.697248807437,1.23702980791
0.0761212405974,0.558505289216,1.35610146484,0.578177150505
0.546442651757,0.0881838780566,0.885780053683,1.04849856166
1.33189484358,0.697268313769,0.100327861858,1.83395075349
0.485276413712,0.149350116102,0.946946291728,0.98733232362
0.0609573653304,0.573669164483,1.37126534011,0.563013275238
0.0602117444291,0.574414785384,1.37201096101,0.562267654337
0.50628695162,0.128339578193,0.92593575382,1.00834286153
0.121537497154,0.51308903266,1.31068520829,0.623593407062
0.0358251878665,0.598801341947,1.39639751757,0.537881097775
0.254134283798,0.380492246015,1.17808842164,0.756190193706
0.3869019367,1.02152846651,1.81912464214,0.115153973208
0.913692344298,0.279065814485,0.518530361142,1.41574825421
0.466788639066,1.10141516888,1.89901134451,0.0352672708415
0.108097396995,0.742723926809,1.54032010244,0.393958512913
0.233698669763,0.868325199576,1.6659213752,0.268357240145
0.0327773065844,0.601849223229,1.39944539886,0.534833216492
0.522256353245,1.15688288306,1.95447905868,0.0202004433367
0.683266987196,1.31789351701,2.11548969264,0.181211077288
0.705431850612,0.0708053207992,0.726790854828,1.20748776052
0.0979322448703,0.536694284943,1.33429046057,0.599988154778
0.43006407115,0.204562458663,1.00215863429,0.932119981058
0.568387576137,0.066238953676,0.863835129303,1.07044348605
0.0819502593996,0.716576789213,1.51417296484,0.420105650508
0.211126579708,0.845753109521,1.64334928515,0.2909293302
0.268338056347,0.90296458616,1.70056076179,0.233717853561
0.274570046257,0.90919657607,1.7067927517,0.227485863651
1.14469001542,0.510063485608,0.287532690019,1.64674592533
0.212310744282,0.846937274095,1.64453344972,0.289745165626
0.541912296732,1.17653882655,1.97413500217,0.0398563868243
0.0684791144873,0.566147415326,1.36374359095,0.570535024395
0.797930677993,1.43255720781,2.23015338343,0.295874768085
0.584070818872,0.0505557109415,0.848151886568,1.08612672878
0.667729412284,0.0331028824708,0.764493293156,1.16978532219
0.051408575852,0.686035105665,1.48363128129,0.450647334056
0.465104651781,0.169521878032,0.967118053659,0.967160561689
0.238305779564,0.872932309377,1.670528485,0.263750130344
0.298675226552,0.335951303261,1.13354747889,0.80073113646
0.774195226291,1.4088217561,2.20641793173,0.272139316383
0.785949274107,1.42057580392,2.21817197955,0.283893364199
0.0556196849905,0.579006844823,1.37660302045,0.557675594898
0.358517112899,0.993143642712,1.79073981834,0.143538797009
1.44036620953,0.805739679719,0.00814350409227,1.94242211944
0.44750530496,0.187121224853,0.98471740048,0.949561214868
1.09997933095,0.465352801135,0.332243374492,1.60203524086
0.50027257913,0.134353950683,0.93195012631,1.00232848904
0.344404728309,0.979031258122,1.77662743375,0.157651181599
0.0690625126639,0.703689042477,1.5012852181,0.432993397244
0.540484509175,0.0941420206382,0.891738196265,1.04254041908
0.222766564731,0.411859965082,1.20945614071,0.724822474639
0.897011648128,0.262385118315,0.535211057312,1.39906755804
1.33630470357,0.701678173755,0.0959180018723,1.83836061348
0.119584855244,0.51504167457,1.3126378502,0.621640765152
0.0458368614246,0.680463391238,1.47805956686,0.456219048483
0.719682323344,0.0850557935313,0.712540382096,1.22173823325
0.281051405939,0.353575123875,1.1511712995,0.783107315847
0.226276911819,0.860903441632,1.65849961726,0.275778998089
0.469512062708,0.165114467106,0.962710642732,0.971567972616
0.798405998591,0.163779468778,0.633816706849,1.3004619085
0.320851729029,0.313774800784,1.11137097641,0.822907638937
0.218133455788,0.416493074025,1.21408924965,0.720189365696
1.82553438288,1.19090785307,0.393311677439,2.32759029279
0.324498455735,0.310128074078,1.10772424971,0.826554365643
0.491912068615,1.12653859843,1.92413477406,0.0101438412925
0.367049441462,1.00167597128,1.7992721469,0.135006468446
0.223519419064,0.411107110749,1.20870328638,0.725575328972
0.410777467389,1.0454039972,1.84300017283,0.091278442519
0.495210109754,0.139416420059,0.937012595686,0.997266019662
0.223093751227,0.411532778586,1.20912895421,0.725149661135
0.287262323988,0.921888853801,1.71948502943,0.21479358592
0.0877999245065,0.546826605307,1.34442278093,0.589855834415
0.663979001422,0.0293524716088,0.768243704018,1.16603491133
0.234134887143,0.868761416956,1.66635759258,0.267921022765
1.18883510392,0.55420857411,0.243387601517,1.69089101383
0.504482603093,1.13910913291,1.93670530853,0.0024266931853
0.678393955144,0.0437674253314,0.753828750296,1.18044986505
1.17548010257,0.54085357276,0.256742602866,1.67753601248
0.675590107603,0.0409635777901,0.756632597837,1.17764601751
0.387643175788,0.246983354025,1.04457952965,0.889699085696
0.336518021233,0.971144551046,1.76874072667,0.165537888675
0.0989889218241,0.535637607989,1.33323378362,0.601044831732
1.39818934791,0.763562818099,0.0340333575276,1.90024525782
0.534136805932,1.16876333575,1.96635951137,0.0320808960243
0.356271483235,0.278355046578,1.07595122221,0.858327393143
0.920167679821,0.285541150008,0.512055025619,1.42222358973
0.635349743986,1.2699762738,2.06757244943,0.133293834078
0.161311695331,0.473314834482,1.27091101011,0.663367605239
0.552258540828,0.0823679889851,0.879964164612,1.05431445074
1.8353462129,1.20071968309,0.403123507459,2.33740212281
0.120179196672,0.754805726485,1.55240190211,0.381876713236
0.977673654941,0.343047125128,0.454549050499,1.47972956485
0.587548903323,1.22217543314,2.01977160876,0.0854929934152
0.0377061376583,0.596920392155,1.39451656778,0.539762047566
0.182170395681,0.816796925494,1.61439310112,0.319885514227
0.631356932872,0.00326959694075,0.800865772568,1.13341284278
1.49749916695,0.862872637135,0.0652764615081,1.99955507686
0.149102411793,0.783728941606,1.58132511723,0.352953498115
0.226205370548,0.860831900361,1.65842807599,0.27585053936
0.379084729081,1.01371125889,1.81130743452,0.122971180827
1.29380761526,0.659181085452,0.138415090175,1.79586352517
0.50027257913,0.134353950683,0.93195012631,1.00232848904
0.0661254231954,0.700751953009,1.49834812864,0.435930486713
0.072786383349,0.561840146464,1.35943632209,0.574842293257
0.124271437156,0.758897966969,1.5564941426,0.377784472752
0.844580175661,0.209953645848,0.587642529779,1.34663608557
0.104056046626,0.738682576439,1.53627875207,0.397999863282
0.548187510675,1.18281404049,1.98041021611,0.0461316007668
0.417581906459,0.217044623355,1.01464079898,0.919637816367
2.11420176975,1.47957523994,0.681979064312,2.61625767966
0.772089928413,0.1374633986,0.660132777027,1.27414583832
0.0769512577973,0.557675272016,1.35527144764,0.579007167705
0.472258851312,0.162367678501,0.959963854128,0.97431476122
0.513062389082,0.121564140732,0.919160316358,1.01511829899
1.14584272824,0.511216198429,0.286379977198,1.64789863815
0.171414468618,0.806040998431,1.60363717406,0.33064144129
0.215961984762,0.850588514575,1.6481846902,0.286093925146
0.747059520318,0.112432990504,0.685163185122,1.24911543023
0.898280627274,1.53290715709,2.33050333271,0.396224717366
0.911758056252,0.277131526439,0.520464649188,1.41381396616
0.961622168929,0.326995639116,0.470600536511,1.46367807884
0.89333209041,0.258705560597,0.53889061503,1.39538800032
0.0495975236531,0.58502900616,1.38262518179,0.551653433561
0.00369843126501,0.638324961078,1.43592113671,0.498357478643
0.88743426404,0.252807734227,0.5447884414,1.38949017395
1.02159222726,0.38696569745,0.410630478177,1.52364813717
1.1339869002,0.499360370383,0.298235805244,1.6360428101
0.302983046396,0.937609576209,1.73520575184,0.199072863512
1.22479475967,0.590168229856,0.20742794577,1.72685066958
0.0638077286905,0.698434258504,1.49603043413,0.438248181217
0.313140954051,0.947767483864,1.74536365949,0.188914955857
0.546085919098,1.18071244891,1.97830862454,0.0440300091898
0.304430521363,0.939057051176,1.7366532268,0.197625388545
0.284184340891,0.350442188922,1.14803836455,0.786240250799
0.617833402589,0.0167931272242,0.814389302851,1.1198893125
0.762703659835,1.39733018965,2.19492636527,0.260647749927
0.443308958869,0.191317570944,0.988913746571,0.945364868777
0.176574874779,0.811201404592,1.60879758022,0.325481035129
0.445447756501,0.189178773312,0.986774948939,0.947503666409
0.727175708043,1.36180223786,2.15939841348,0.225119798135
0.258403672181,0.893030201994,1.69062637762,0.243652237727
0.321796107709,0.956422637522,1.75401881315,0.180259802199
0.163979311094,0.798605840907,1.59620201653,0.338076598814
1.68533552889,1.05070899908,0.253112823452,2.1873914388
1.58950460144,0.954878071623,0.157281895996,2.09156051134
0.577558977369,1.21218550718,2.00978168281,0.0755030674607
0.136940049319,0.771566579132,1.56916275476,0.365115860589
0.705431850612,0.0708053207992,0.726790854828,1.20748776052
1.88701659959,1.25239006977,0.454793894147,2.3890725095
0.394450492129,0.240176037685,1.03777221331,0.896506402037
0.713087797245,1.34771432706,2.14531050268,0.211031887337
0.51928973108,1.15391626089,1.95151243652,0.0172338211724
0.962461369367,0.327834839554,0.469761336073,1.46451727928
0.291499546839,0.343126982975,1.1407231586,0.793555456747
0.179638610886,0.454987918927,1.25258409455,0.681694520794
2.23059375387,1.59596722405,0.798371048427,2.73264966377
1.20105438268,0.566427852866,0.231168322761,1.70311029259
0.378875171451,1.01350170126,1.81109787689,0.123180738457
0.0671438195361,0.701770349349,1.49936652498,0.434912090372
0.645737582136,0.0111110523231,0.786485123304,1.14779349204
0.454928159356,1.08955468917,1.8871508648,0.0471277505523
1.05466239562,0.420035865808,0.377560309819,1.55671830553
0.407669269896,1.04229579971,1.83989197534,0.0943866400122
0.476285983014,0.158340546799,0.955936722426,0.978341892922
0.0386629598636,0.673289489677,1.4708856653,0.463392950044
0.592595348644,0.0420311811692,0.839627356796,1.09465125855
1.47684880258,0.842222272765,0.0446260971381,1.97890471249
0.10001168184,0.734638211653,1.53223438728,0.402044228068
0.926176989886,1.5608035197,2.35839969533,0.424121079978
0.0820020975483,0.552624432265,1.35022060789,0.584058007456
1.1274506831,0.492824153284,0.304772022343,1.62950659301
0.00895869217567,0.625667837637,1.42326401326,0.511014602084
0.242125262746,0.876751792559,1.67434796819,0.259930647162
0.843775036822,0.209148507009,0.588447668618,1.34583094673
0.450208608536,0.184417921278,0.982014096904,0.952264518444
0.80763061623,1.44225714604,2.23985332167,0.305574706322
1.1274506831,0.492824153284,0.304772022343,1.62950659301
1.02222416469,0.38759763488,0.409998540747,1.5242800746
0.282397505246,0.352229024568,1.14982520019,0.784453415154
0.230810425918,0.865436955731,1.66303313136,0.27124548399
0.790941157523,0.15631462771,0.641281547917,1.29299706743
0.922108418494,0.287481888681,0.510114286946,1.4241643284
0.77936136219,0.144734832377,0.65286134325,1.2814172721
2.02885675763,1.39423022782,0.596634052191,2.53091266754
0.79359781633,0.158971286517,0.63862488911,1.29565372624
0.839197113986,0.204570584173,0.593025591454,1.34125302389
1.23316666071,0.598540130895,0.199056044732,1.73522257062
1.15526976828,0.520643238462,0.276952937165,1.65732567818
0.230028415374,0.864654945187,1.66225112081,0.272027494534
1.12459240461,0.489965874799,0.307630300828,1.62664831452
0.359001610547,0.99362814036,1.79122431599,0.143054299361
0.00809981427299,0.642726344086,1.44032251971,0.493956095635
0.475000881859,1.10962741167,1.9072235873,0.0270550280486
0.0787599799461,0.555866549867,1.35346272549,0.580815889854
0.000553987698485,0.635180517512,1.43277669314,0.501501922209
1.21911893963,0.584492409819,0.213103765808,1.72117484954
0.221391586582,0.856018116395,1.65361429202,0.280664323326
0.0383182556349,0.596308274178,1.39390444981,0.540374165543
0.941610060814,1.57623659063,2.37383276625,0.439554150906
1.46377816734,0.829151637531,0.031555461904,1.96583407725
0.04524497281,0.679871502623,1.47746767825,0.456810937098
0.467168767441,1.10179529725,1.89939147288,0.034887142467
0.00908015362913,0.625546376184,1.42314255181,0.511136063537
0.0500449599035,0.684671489717,1.48226766534,0.452010950005
0.053646817477,0.68827334729,1.48586952292,0.448409092431
0.691916392734,0.0572898629205,0.740306312706,1.19397230264
1.01425512662,0.379628596804,0.417967578823,1.51631103652
0.223791369233,0.858417899046,1.65601407467,0.278264540675
1.47412497061,0.839498440798,0.0419022651713,1.97618088052
0.920167679821,0.285541150008,0.512055025619,1.42222358973
1.68138281197,1.04675628216,0.249160106529,2.18343872188
0.343384698236,0.291241831577,1.0888380072,0.845440608144
1.51372806076,0.879101530949,0.0815053553223,2.01578397067
0.125845166148,0.760471695961,1.55806787159,0.37621074376
0.778646514859,0.144019985046,0.653576190581,1.28070242477
0.302296657203,0.936923187016,1.73451936264,0.199759252705
1.25550331409,0.620876784273,0.176719391354,1.75755922399
0.0172382428415,0.651864772655,1.44946094828,0.484817667066
0.409847587925,0.224778941888,1.02237511751,0.911903497833
0.180739749227,0.81536627904,1.61296245467,0.321316160681
0.513871614225,0.120754915588,0.918351091215,1.01592752413
0.0651744999594,0.699801029773,1.4973972054,0.436881409949
0.2187837597,0.415842770113,1.21343894574,0.720839669608
0.496236568554,0.138389961259,0.935986136886,0.998292478462
0.538451873591,1.1730784034,1.97067457903,0.0363959636828
0.541172131962,0.0934543978512,0.891050573478,1.04322804187
1.32828777893,0.693661249116,0.103934926511,1.83034368884
0.367049441462,1.00167597128,1.7992721469,0.135006468446
0.0757586189179,0.558867910895,1.35646408652,0.577814528826
1.43898728222,0.804360752409,0.00676457678232,1.94104319213
0.168598440469,0.466028089344,1.26362426497,0.670654350377
1.73530334352,1.10067681371,0.30308063808,2.23735925343
0.363598307946,0.271028221867,1.06862439749,0.865654217854
0.450587370605,0.184039159208,0.981635334835,0.952643280513
0.123319129474,0.757945659287,1.55554183491,0.378736780434
0.490741169826,0.143885359987,0.941481535614,0.992797079734
0.174089332192,0.808715862005,1.60631203763,0.327966577716
0.243361528219,0.391265001594,1.18886117722,0.745417438127
1.00131144348,0.366684913664,0.430911261963,1.50336735339
0.39636906625,1.03099559606,1.82859177169,0.105686843658
1.54112774888,0.90650121907,0.108905043443,2.04318365879
0.00512812592668,0.63975465574,1.43735083137,0.496927783981
1.82068953092,1.18606300111,0.388466825479,2.32274544083
0.0372945513453,0.671921081158,1.46951725679,0.464761358563
0.109457402993,0.744083932807,1.54168010843,0.392598506915
0.773728220716,0.139101690903,0.658494484724,1.27578413062
0.641817539704,0.0071910098909,0.790405165736,1.14387344961
0.599196392718,0.0354301370952,0.833026312722,1.10125230263
0.55742702441,1.19205355422,1.98964972985,0.0553711145024
1.68616459697,1.05153806716,0.253941891528,2.18822050688
0.89669799484,0.262071465027,0.5355247106,1.39875390475
0.10553551681,0.529091013003,1.32668718863,0.607591426718
1.15859874026,0.523972210451,0.273623965176,1.66065465017
0.212353139284,0.846979669097,1.64457584472,0.289702770624
0.336650707745,0.971277237559,1.76887341319,0.165405202163
0.154389071977,0.78901560179,1.58661177742,0.347666837931
1.55715379117,0.922527261361,0.124931085734,2.05920970108
1.21655762857,0.581931098758,0.215665076868,1.71861353848
1.6584210166,1.02379448679,0.226198311162,2.16047692651
0.424368428074,0.210258101739,1.00785427737,0.926424337982
0.563959938517,0.0706665912962,0.868262766923,1.06601584842
0.411261405863,0.22336512395,1.02096129958,0.913317315771
0.231202316629,0.865828846443,1.66342502207,0.270853593279
0.588538002543,1.22316453236,2.02076070798,0.0864820926353
0.0249033317763,0.609723198037,1.40731937366,0.526959241684
1.06487637148,0.430249841662,0.367346333965,1.56693228138
0.765890502842,0.131263973029,0.666332202598,1.26794641275
1.35884532106,0.724218791246,0.0733773843808,1.86090123097
0.20417413901,0.838800668824,1.63639684445,0.297881770898
0.0396344077316,0.594992122082,1.39258829771,0.54169031764
0.336605976505,0.971232506319,1.76882868195,0.165449933403
0.437881278772,0.196745251041,0.994341426668,0.93993718868
0.961622168929,0.326995639116,0.470600536511,1.46367807884
0.806333319848,0.171706790034,0.625889385592,1.30838922976
0.370778786656,1.00540531647,1.8030014921,0.131277123252
0.992512943613,0.3578864138,0.439709761827,1.49456885352
0.0669245403024,0.567701989511,1.36529816514,0.56898045021
0.717515849382,1.35214237919,2.14973855482,0.215459939474
0.301591113205,0.936217643019,1.73381381865,0.200464796703
0.467454514248,0.167172015565,0.964768191192,0.969510424156
1.68138281197,1.04675628216,0.249160106529,2.18343872188
0.512668032094,0.121958497719,0.919554673346,1.014723942
0.931649401224,1.56627593104,2.36387210666,0.429593491316
1.18817304762,0.553546517809,0.244049657818,1.69022895753
1.65848968435,1.02386315454,0.226266978913,2.16054559426
0.93840883544,0.303782305627,0.49381387,1.44046474535
0.0959079488735,0.53871858094,1.33631475657,0.597963858782
0.783997338463,1.41862386828,2.2162200439,0.281941428555
1.32496647303,0.690339943213,0.107256232414,1.82702238293
0.358517112899,0.993143642712,1.79073981834,0.143538797009
0.445590010011,0.189036519802,0.986632695429,0.947645919919
0.829635304926,0.195008775113,0.602587400514,1.33169121483
1.12316626892,0.488539739109,0.309056436518,1.62522217883
0.188654748973,0.44597178084,1.24356795647,0.690710658881
1.01982877271,0.385202242899,0.412393932727,1.52188468262
1.12651069317,0.491884163357,0.30571201227,1.62856660308
0.215417708179,0.850044237992,1.64764041362,0.286638201729
1.52587387653,0.891247346714,0.0936511710867,2.02792978643
0.379744863656,1.01437139347,1.8119675691,0.122311046252
0.740333616611,0.105707086798,0.691889088829,1.24238952652
0.491429069985,1.1260555998,1.92365177542,0.0106268399235
0.771721986832,0.137095457019,0.660500718608,1.27377789674
0.316691503238,0.317935026575,1.1155312022,0.818747413146
0.0472843326349,0.587342197178,1.38493837281,0.549340242543
0.257749825428,0.376876704385,1.17447288001,0.759805735336
0.963662888873,0.32903635906,0.468559816567,1.46571879878
0.65825694294,0.0236304131265,0.7739657625,1.16031285285
1.22628108881,0.591654558993,0.205941616633,1.72833699871
0.0246316797848,0.609994850028,1.40759102566,0.526687589693
0.309501461287,0.325125068526,1.12272124415,0.811557371195
0.0384443687553,0.596182161058,1.39377833668,0.540500278663
1.54858316385,0.913956634042,0.116360458415,2.05063907376
0.640042343629,0.0054158138163,0.792180361811,1.14209825354
0.359588696644,0.994215226457,1.79181140208,0.142467213264
0.271051492284,0.905678022097,1.70327419772,0.231004417624
0.554365606911,1.18899213672,1.98658831235,0.052309697003
0.639932226478,1.27455875629,2.07215493192,0.13787631657
0.104056046626,0.738682576439,1.53627875207,0.397999863282
0.466035215615,0.168591314198,0.966187489825,0.968091125523
0.405413521576,1.04004005139,1.83763622702,0.0966423883321
0.0206241065418,0.614002423271,1.4115985989,0.52268001645
0.915889536419,0.281263006605,0.516333169021,1.41794544633
0.423023202589,1.0576497324,1.85524590803,0.0790327073189
0.402902943354,0.23172358646,1.02931976209,0.904958853261
1.09113635265,0.456509822836,0.341086352791,1.59319226256
1.29985289404,0.665226364222,0.132369811405,1.80190880394
0.673760613289,0.039134083476,0.758462092151,1.1758165232
0.15962676377,0.794253293583,1.59184946921,0.342429146138
1.09944352867,0.464816998857,0.33277917677,1.60149943858
0.252044194652,0.886670724466,1.68426690009,0.250011715256
0.372418572463,0.26220795735,1.05980413298,0.874474482371
1.86429240547,1.22966587565,0.432069700025,2.36634831537
0.0879856876119,0.722612217425,1.52020839305,0.414070222296
0.0439288279912,0.678555357804,1.47615153343,0.458127081917
0.166897364759,0.467729165054,1.26532534068,0.668953274667
0.189068119865,0.445558409948,1.24315458557,0.691124029773
0.00353004214702,0.631096487666,1.42869266329,0.505585952055
0.0692054505414,0.565421079272,1.3630172549,0.571261360449
0.0600623703059,0.574564159507,1.37216033513,0.562118280214
0.26745838263,0.902084912443,1.69968108807,0.234597527278
0.175735968759,0.810362498573,1.6079586742,0.326319941149
0.0393864213119,0.595240108501,1.39283628413,0.54144233122
0.0757465867306,0.710373116544,1.50796929217,0.426309323177
0.237181110364,0.871807640177,1.6694038158,0.264874799544
0.31787334528,0.952499875093,1.75009605072,0.184182564628
0.467168767441,1.10179529725,1.89939147288,0.034887142467
0.200636430234,0.835262960047,1.63285913567,0.301419479674
0.95273380202,0.318107272207,0.47948890342,1.45478971193
0.667729412284,0.0331028824708,0.764493293156,1.16978532219
0.355027680628,0.279598849185,1.07719502481,0.857083590536
0.235804357585,0.870430887398,1.66802706302,0.266251552323
0.292956466045,0.341670063768,1.1392662394,0.795012375953
0.0613110981905,0.573315431623,1.37091160725,0.563367008098
0.389844488725,1.02447101854,1.82206719417,0.112211421183
1.03031427052,0.395687740708,0.401908434918,1.53237018043
0.030208186782,0.604418343031,1.40201451866,0.53226409669
1.18638896273,0.551762432918,0.245833742709,1.68844487264
0.291436634484,0.926063164297,1.72365933992,0.210619275424
1.19394162636,0.559315096549,0.238281079077,1.69599753627
0.0571700339754,0.691796563789,1.48939273942,0.444885875933
0.365688972642,1.00031550246,1.79791167808,0.136366937266
0.170456012922,0.805082542735,1.60267871836,0.331599896986
1.02297362085,0.388347091034,0.409249084592,1.52502953076
0.601579346853,0.0330471829599,0.830643358587,1.10363525676
0.00433257489535,0.638959104708,1.43655528034,0.497723335013
1.08231349909,0.447686969279,0.349909206348,1.584369409
0.171056357702,0.805682887516,1.60327906314,0.330999552206
0.563276556641,1.19790308645,1.99549926208,0.061220646733
1.93385295572,1.2992264259,0.501630250278,2.43590886563
1.07830032506,0.443673795245,0.353922380382,1.58035623497
1.82553438288,1.19090785307,0.393311677439,2.32759029279
0.396064976206,0.238561553607,1.03615772923,0.898120886114
1.10890792828,0.474281398462,0.323314777164,1.61096383818
0.736339840243,0.10171331043,0.695882865197,1.23839575015
2.22845509714,1.59382856733,0.796232391701,2.73051100705
0.867049131791,0.232422601977,0.565173573649,1.3691050417
0.310509169849,0.324117359964,1.12171353559,0.812565079757
0.705530739189,0.0709042093758,0.726691966251,1.2075866491
1.45372806608,0.819101536267,0.0215053606406,1.95578397599
1.44726407838,0.812637548564,0.0150413729372,1.94931998829
0.450339514226,0.184287015587,0.981883191214,0.952395424134
0.740508132761,0.105881602948,0.691714572679,1.24256404267
0.261606304651,0.373020225162,1.17061640079,0.763662214559
0.288659323356,0.923285853169,1.7208820288,0.213396586552
0.128286251107,0.76291278092,1.56050895655,0.373769658801
0.273063065961,0.907689595774,1.7052857714,0.228992843947
0.31855631264,0.316070217173,1.1136663928,0.820612222548
0.0738552409099,0.708481770723,1.50607794635,0.428200668998
1.17867954712,1.81330607694,2.61090225256,0.676623637216
1.54052958857,0.905903058761,0.108306883134,2.04258549848
0.837237747838,0.202611218025,0.594984957602,1.33929365775
0.110362982169,0.524263547645,1.32185972327,0.612418892077
0.20341606389,0.431210465923,1.22880664155,0.705471973798
0.429015049418,0.205611480395,1.00320765602,0.931070959326
0.747059520318,0.112432990504,0.685163185122,1.24911543023
0.926176989886,1.5608035197,2.35839969533,0.424121079978
0.888837563187,0.254211033374,0.543385142253,1.3908934731
0.70770730472,1.34233383453,2.13993001016,0.205651394812
0.0338023928916,0.668428922705,1.46602509833,0.468253517016
0.0551628301598,0.689789359973,1.4873855356,0.446893079748
0.555149929126,0.0794766006876,0.877072776314,1.05720583903
0.338448627548,0.973075157361,1.77067133299,0.16360728236
0.203640117554,0.838266647367,1.63586282299,0.298415792354
0.419187779087,1.0538143089,1.85141048453,0.0828681308207
0.986705651609,0.352079121796,0.445517053831,1.48876156152
0.03097487602,0.603651653793,1.40124782942,0.533030785928
0.0273715149968,0.66199804481,1.45959422044,0.474684394911
0.563298711246,0.0713278185676,0.868923994194,1.06535462115
0.454957569289,1.0895840991,1.88718027473,0.0470983406186
0.0321624624225,0.666788992236,1.46438516786,0.469893447485
0.523853874091,0.110772655722,0.908368831349,1.025909784
0.189963933973,0.44466259584,1.24225877147,0.692019843881
0.335335778384,0.969962308197,1.76755848382,0.166720131524
1.00044216578,0.365815635971,0.431780539656,1.50249807569
0.504482603093,1.13910913291,1.93670530853,0.0024266931853
1.08978026188,0.455153732069,0.342442443558,1.59183617179
0.0972578953853,0.731884425198,1.52948060083,0.404798014523
1.02707913088,0.392452601062,0.405143574564,1.52913504078
0.018781873775,0.653408403588,1.45100457922,0.483274036133
1.51367909237,0.879052562557,0.0814563869304,2.01573500228
0.537284664729,0.0973418650845,0.894938040711,1.03934057464
1.33830808474,0.70368155493,0.0939146206967,1.84036399465
0.053294057216,0.687920587029,1.48551676266,0.448761852692
0.273063065961,0.907689595774,1.7052857714,0.228992843947
0.391952502838,1.02657903265,1.82417520828,0.11010340707
0.72521787719,1.359844407,2.15744058263,0.223161967282
0.163472655083,0.798099184896,1.59569536052,0.338583254825
1.23759167034,0.602965140525,0.194631035102,1.73964758025
0.224412102417,0.85903863223,1.65663480786,0.277643807491
0.00986203146465,0.624764498348,1.42236067398,0.511917941373
0.666728399876,0.0321018700624,0.765494305564,1.16878430978
0.377109661381,0.257516868432,1.05511304406,0.879165571289
0.108131317693,0.742757847506,1.54035402313,0.393924592215
0.233698669763,0.868325199576,1.6659213752,0.268357240145
0.689596081102,0.0549695512891,0.742626624338,1.19165199101
0.773728220716,0.139101690903,0.658494484724,1.27578413062
0.169654433056,0.804280962869,1.6018771385,0.332401476852
0.365969773358,0.268656756455,1.06625293208,0.868025683266
0.983208718727,0.348582188914,0.449013986713,1.48526462864
0.0820354847263,0.716662014539,1.51425819017,0.420020425182
0.477088659332,1.11171518914,1.90931136477,0.0249672505762
0.508817229204,1.14344375902,1.94103993464,0.00676131929599
0.415219867143,0.21940666267,1.0170028383,0.917275777051
0.663380703972,1.29800723378,2.09560340941,0.161324794064
1.74899758546,1.11437105564,0.316774880016,2.25105349536
0.806242779296,1.44086930911,2.23846548474,0.304186869388
0.808288969986,1.4429154998,2.24051167543,0.306233060078
0.590037860219,0.0445886695943,0.842184845221,1.09209377013
1.15654175716,0.521915227351,0.275680948276,1.65859766707
1.40622049122,0.771593961408,0.0260022142193,1.90827640113
1.09878614485,0.464159615033,0.333436560594,1.60084205475
0.297975502463,0.932602032276,1.7301982079,0.204080407445
1.20559391476,0.570967384942,0.226628790685,1.70764982466
0.480534161067,0.154092368746,0.951688544373,0.982590070975
1.86520025552,1.23057372571,0.43297755008,2.36725616543
0.129492988558,0.764119518371,1.561715694,0.37256292135
1.09878614485,0.464159615033,0.333436560594,1.60084205475
0.0957167207841,0.730343250597,1.52793942622,0.406339189124
1.38484267996,0.750216150147,0.0473800254802,1.88689858987
0.128540536215,0.506085993598,1.30368216923,0.630596446123
0.234005345088,0.868631874901,1.66622805053,0.26805056482
0.593058516957,0.0415680128561,0.839164188483,1.09511442687
0.336904163824,0.297722365989,1.09531854162,0.838960073732
1.18638896273,0.551762432918,0.245833742709,1.68844487264
1.54935385466,0.914727324849,0.117131149222,2.05140976457
0.519113816781,0.115512713032,0.913108888659,1.02116972669
0.70262403953,0.0679975097169,0.72959866591,1.20467994944
1.41546903342,0.78084250361,0.0167536720171,1.91752494333
0.105767373703,0.52885915611,1.32645533174,0.607823283611
0.0833809020943,0.551245627719,1.34884180335,0.585436812002
0.441298077076,1.07592460689,1.87352078252,0.0607578328324
0.169654433056,0.804280962869,1.6018771385,0.332401476852
0.216612127879,0.851238657692,1.64883483332,0.285443782029
1.01234888395,0.377722354135,0.419873821492,1.51440479386
1.51925559937,0.884629069557,0.0870328939299,2.02131150928
0.479699222349,1.11432575216,1.91192192779,0.0223566875586
0.515236203865,1.14986273368,1.94745890931,0.0131802939573
0.506071238877,1.14069776869,1.93829394432,0.00401532896854
0.267990341462,0.902616871276,1.7002130469,0.234065568446
0.0886352852578,0.723261815071,1.5208579907,0.41342062465
0.643219338071,1.27784586788,2.07544204351,0.141163428163
2.02885675763,1.39423022782,0.596634052191,2.53091266754
0.444564942081,1.07919147189,1.87678764752,0.0574909678268
0.136533110914,0.771159640727,1.56875581635,0.365522798994
0.76303030263,0.128403772817,0.66919240281,1.26508621254
0.0486464495682,0.585980080245,1.38357625587,0.550702359476
0.651949173694,0.0173226438806,0.780273531746,1.1540050836
0.187610526238,0.822237056051,1.61983323168,0.31444538367
0.506160697597,0.128465832216,0.926062007843,1.00821660751
0.536574893525,0.0980516362886,0.895647811915,1.03863080343
0.392211025101,0.242415504713,1.04001168034,0.894266935009
0.220067350128,0.414559179685,1.21215535531,0.722123260036
0.75181982513,0.117193295317,0.68040288031,1.25387573504
0.342245135954,0.976871665767,1.77446784139,0.159810773954
0.380607564196,0.254018965617,1.05161514124,0.882663474104
0.79359781633,0.158971286517,0.63862488911,1.29565372624
0.0996829770984,0.534943552715,1.33253972834,0.601738887006
1.34103450575,0.706407975934,0.0911881996925,1.84309041566
1.19422544525,0.559598915442,0.237997260185,1.69628135516
1.10617384119,0.471547311373,0.326048864254,1.60822975109
0.635641252373,0.00101472255997,0.796581453067,1.13769716228
0.125845166148,0.760471695961,1.55806787159,0.37621074376
0.656752288023,0.0221257582095,0.775470417417,1.15880819793
0.207805132905,0.842431662718,1.64002783834,0.294250777003
1.1161463832,0.481519853388,0.316076322239,1.61820229311
0.416761460017,1.05138798983,1.84898416546,0.0852944498906
0.294078255538,0.928704785351,1.72630096098,0.20797765437
1.22601776027,0.591391230458,0.206204945169,1.72807367018
0.0609767975082,0.695603327321,1.49319950295,0.4410791124
1.8449509443,1.21032441448,0.412728238855,2.3470068542
1.09878614485,0.464159615033,0.333436560594,1.60084205475
0.829635304926,0.195008775113,0.602587400514,1.33169121483
1.18000171344,0.545375183622,0.252220992005,1.68205762334
0.129492988558,0.764119518371,1.561715694,0.37256292135
0.0018211676436,0.63280536217,1.4304015378,0.503877077552
0.651101654472,1.28572818428,2.08332435991,0.149045744564
1.00721952497,0.372592995159,0.425003180468,1.50927543488
0.410420181746,0.224206348067,1.02180252369,0.912476091654
0.0690625126639,0.703689042477,1.5012852181,0.432993397244
0.125117049274,0.759743579087,1.55733975471,0.376938860634
0.795834148846,0.161207619033,0.636388556594,1.29789005875
0.0686465381099,0.565979991703,1.36357616733,0.570702448018
0.476238107317,0.158388422496,0.955984598123,0.978294017225
0.0916828809757,0.542943648837,1.34053982446,0.593738790884
0.559087598349,0.0755389314646,0.873135107091,1.06114350826
1.54935385466,0.914727324849,0.117131149222,2.05140976457
1.64793661149,1.01331008167,0.215713906048,2.1499925214
1.39448873447,0.759862204657,0.0377339709701,1.89654464438
0.00766099589798,0.626965533915,1.42456170954,0.509716905806
0.797166999417,0.162540469604,0.635055706023,1.29922290932
1.01184317973,0.377216649921,0.420379525706,1.51389908964
0.148013999531,0.782640529344,1.58023670497,0.354041910377
0.304022891074,0.330603638739,1.12819981437,0.806078800982
0.491234145536,1.12586067535,1.92345685098,0.0108217643719
0.549538672402,0.0850878574108,0.882684033038,1.05159458231
0.380781492091,0.253845037722,1.05144121335,0.882837401999
0.254134283798,0.380492246015,1.17808842164,0.756190193706
1.40202264787,0.767396118054,0.0302000575727,1.90407855778
0.0199478353337,0.654574365147,1.45217054077,0.482108074574
1.13337778577,0.498751255962,0.298844919665,1.63543369568
0.427582769473,1.06220929929,1.85980547491,0.0744731404345
0.262939240711,0.897565770525,1.69516194615,0.239116669197
0.117929880838,0.752556410651,1.55015258628,0.38412602907
0.838608078079,0.203981548266,0.593614627361,1.34066398799
1.17846738583,0.54384085602,0.253755319607,1.68052329574
0.549407643949,0.0852188858638,0.882815061491,1.05146355386
1.66850957565,1.03388304584,0.236286870215,2.17056548556
0.538373080746,1.17299961056,1.97059578619,0.0363171708385
0.133462530233,0.50116399958,1.29876017521,0.635518440141
1.61148686458,0.97686033477,0.179264159143,2.11354277449
0.780309018205,0.145682488392,0.651913687235,1.28236492811
0.133699708779,0.500926821034,1.29852299666,0.635755618687
0.47105130564,0.163575224173,0.9611713998,0.973107215548
1.35178363379,0.717157103977,0.0804390716501,1.8538395437
0.561974214884,0.0726523149293,0.870248490556,1.06403012479
0.406311116508,1.04093764632,1.83853382195,0.0957447934003
0.534524585773,0.10010194404,0.897698119667,1.03658049568
0.0129477987369,0.621678731076,1.4192749067,0.515003708645
1.43620970744,0.801583177623,0.00398700199634,1.93826561734
0.273063065961,0.907689595774,1.7052857714,0.228992843947
0.663488222136,0.0288616923229,0.768734483304,1.16554413204
0.862829144698,1.49745567451,2.29505185014,0.36077323479
1.39448873447,0.759862204657,0.0377339709701,1.89654464438
1.84349675503,1.20887022522,0.411274049591,2.34555266494
0.450998960677,0.183627569136,0.981223744763,0.953054870585
0.0212448397264,0.613381690087,1.41097786571,0.523300749634
0.979236987906,0.344610458093,0.452985717534,1.48129289781
0.472146699619,1.10677322943,1.90436940506,0.029909210289
0.941895513199,0.307268983386,0.490327192241,1.44395142311
0.378875171451,1.01350170126,1.81109787689,0.123180738457
0.00908015362913,0.625546376184,1.42314255181,0.511136063537
0.193484268763,0.44114226105,1.23873843668,0.695540178671
0.0823175354141,0.716944065227,1.51454024085,0.419738374494
0.392262607103,1.02688913692,1.82448531254,0.109793302805
0.0638077286905,0.698434258504,1.49603043413,0.438248181217
0.642902666605,0.00827613679226,0.789320038835,1.14495857651
0.0579332905224,0.576693239291,1.37428941492,0.55998920043
0.498172234857,1.13279876467,1.9303949403,0.00388367505056
0.149102411793,0.783728941606,1.58132511723,0.352953498115
0.112375525776,0.522251004037,1.31984717966,0.614431435684
0.130613399794,0.765239929607,1.56283610523,0.371442510114
0.00353004214702,0.631096487666,1.42869266329,0.505585952055
0.0246316797848,0.609994850028,1.40759102566,0.526687589693
0.43711527766,0.197511252153,0.99510742778,0.939171187568
0.401311022208,0.233315507605,1.03091168323,0.903366932116
0.886800964062,1.52142749388,2.3190236695,0.384745054154
0.932038414661,0.297411884848,0.500184290779,1.43409432457
0.0844170725557,0.719043602369,1.516639778,0.417638837352
0.640090215808,1.27471674562,2.07231292125,0.1380343059
0.0372945513453,0.671921081158,1.46951725679,0.464761358563
0.051176582492,0.583449947321,1.38104612295,0.5532324924
0.14900502048,0.783631550293,1.58122772592,0.353050889428
1.12052247334,0.485895943525,0.311700232102,1.62257838325
0.231182884453,0.40344364536,1.20103982099,0.733238794361
0.150594485293,0.785221015106,1.58281719073,0.351461424615
0.441764794416,1.07639132423,1.87398749986,0.0602911154921
0.534863415601,1.16948994541,1.96708612104,0.0328075056935
0.0866661065833,0.721292636396,1.51888881202,0.415389803325
1.5572065822,0.922580052386,0.12498387676,2.05926249211
1.01562943677,1.65025596658,2.44785214221,0.513573526861
