4.58527154177,-7.44983763585
-1.4827153213,-1.57822807644
0.453666247117,-0.0546833600405
0.218125423362,-1.84499392844
0.460534355333,-1.19973891998
-0.485920667047,-2.40795476569
-0.172294208131,0.115488401264
0.416604780879,0.746282409046
-0.411427255788,-0.125851493887
-0.237404913059,1.19524770331
0.21839778127,0.250151024815
-0.647706488581,0.507179833514
-0.0822018625223,0.957986337666
-0.889719479885,-0.0555285948165
-0.293115121892,0.32208470709
-0.242100296853,-0.443741739519
-1.06759645318,0.867828817948
0.34351788979,0.261580746405
1.09742030411,-1.01653418049
0.446196727742,0.234153306645
0.588756546946,-1.79528431791
0.285525771147,0.679214984409
1.07186109137,0.00477613304875
0.245745813962,-0.542153303219
0.0762064357325,-0.45840919168
0.888473673207,-0.900754033903
0.35907525702,0.176527175745
0.0968491044516,0.674378433084
0.110874035423,-0.838861887326
-0.70311298035,0.313973697691
-0.654561430044,-0.953143857758
-1.06082468428,0.0762994474124
0.0883482209089,0.706491945708
0.450128881966,-0.806333543206
-1.0627173455,-0.740825121046
-1.02891026534,0.737192856221
-0.951861643255,0.16571899901
-0.156240196844,1.34175614747
0.131971424294,0.889283451728
-0.214565181052,0.916982986936
-0.231781390647,0.281650537526
-0.192164061752,0.928585036186
0.998549299234,-1.01682618246
-0.0390515792288,-0.118275100811
0.11786097769,0.595495109947
0.209032705834,0.665720055058
-0.829300230484,-0.487341277256
-0.266515208646,1.02740414832
1.42183091802,-1.56385790324
-0.693442211308,0.151229674246
-0.709221156474,-1.42261354813
-0.444108742244,1.13556058469
-0.403364494931,-0.206684111163
1.09635654735,-3.08886223614
-0.0720789572346,-0.0294883352966
-0.158202327999,-0.23672594114
0.223201014445,-1.55287085956
-0.0974444308937,-1.18734916093
-0.331854735355,-1.24316919309
0.0371943928729,-1.87015346965
0.188558189431,-0.504060638573
-0.37506558805,1.24627646223
-0.0538846224683,0.66554090368
0.224696194272,-1.09579615393
0.0560031105727,-0.354736688915
-1.24250297013,0.665989331026
-1.29034174262,-0.802314118373
1.16426172615,-1.21982100406
-1.08401947401,-1.71631588007
0.00475280999101,-0.16875467728
-0.918421712046,-0.346874433023
0.497350074113,-0.919026804847
-0.0376446232473,0.974491372056
-0.136231339406,0.329215905538
0.562233659798,-0.431552200611
-0.00559542462177,0.459958550959
1.36352456203,-1.50307504172
-0.288224583167,-1.5999038661
0.256043945247,-0.446837064545
0.425514156123,0.412527405061
-0.265947108371,0.584743218406
-0.366239705223,-0.429093863378
0.180920579485,-0.338677565147
0.214587489167,0.517092262273
-0.16967015816,1.29745182841
-0.593388902312,-1.49611113749
0.905984317737,-0.689322058787
-0.675691406481,-1.92734619868
-0.446879795545,0.0764777906112
0.558861552126,-0.276338520627
1.24687613434,-2.0751180801
-0.157196914915,0.618155844057
0.110066218198,0.662675826196
-1.08776687092,-0.692679417597
0.267698120129,-0.827816744617
-0.636789725418,-0.742333532782
0.40958531279,-0.0945782522247
-0.188748533908,-0.687418937879
0.556322162054,-2.83691033827
-0.310391705911,-1.46961142519
0.93883801801,-2.10989238139
-0.404495824101,-0.692351036954
-0.539244091369,-0.753003418725
-1.20786906292,0.0573412145222
-0.495818368708,0.820886661446
0.00647492161748,0.764138093645
0.583908182705,0.61937270794
0.206715998619,0.746183449437
-1.52894930784,-0.747852331666
-0.634020507891,-2.19171605084
-0.426969620492,-0.137711862302
-0.238970739225,1.243331634
0.753892765657,-2.36427971557
-1.27004424214,1.21067101462
-0.954488152252,-0.777022632414
0.497350074113,-0.919026804847
-0.649359922874,-1.03023564828
0.904454588873,-1.01831376898
-0.0992970816178,0.958378548444
0.2671264017,-1.49412170398
0.560808323969,-0.671457860255
-0.392511616748,0.552486951404
-0.901492862884,-1.70977299779
-0.656067317598,0.955938892095
0.462896131869,-1.73139079371
1.1445443546,-0.0533735704169
0.343405871309,-0.44825675225
0.381764734073,-1.10551534285
-0.630403650081,-0.136732033021
-0.825558615715,-0.149759803843
-0.219524753897,1.37297890368
0.0580208313325,0.449451436432
-0.621614106207,0.241975987808
-0.076470873151,1.21497771597
0.625427721423,-1.63091336543
-1.38194145477,-0.173679249743
-1.64117151976,-0.488945783047
1.45654523618,-1.38589726351
0.443458992861,-0.0525455924096
-0.12135740651,0.572485978156
0.580592582934,-0.516432653762
0.0441457985272,0.895954191752
-1.30815489841,0.54702992528
0.757976279754,-1.4188503442
-0.654853849298,0.462665885245
-0.477313982973,0.335622292527
0.110497882101,0.912335239605
0.497746263148,0.501936610565
0.0637758645273,-0.151526553075
-0.452373286158,0.864744187847
0.803454949675,-1.55049297597
0.331492238806,0.0504011985313
-0.608551247171,-0.811785908274
-0.763692943243,-0.0953326003069
-0.238268614931,1.24011735065
-1.06243834137,-0.889672448118
0.950232976103,-0.508281027323
0.0514175346014,0.293749997919
0.356246529155,-0.413228333504
1.60606949456,-0.845505240289
-0.0646108537113,1.06348187486
-0.0769752683536,1.16551026044
-0.322153168665,-0.233860863655
0.603002245977,-0.400804234831
-0.472233473837,0.149301769957
0.132386490732,0.5923042555
-0.24829277609,1.26879477247
-1.42781028322,-1.485801134
0.168377492243,0.12344937322
0.69118853252,-1.72317229244
0.64896527457,-0.113224484434
0.485455505636,-0.639447968297
-0.218602459164,0.342056893085
-0.303531410585,-1.19236646166
-0.256133771567,0.965472211209
-1.26100600176,-0.0701065147672
-0.492527481869,1.12788783568
0.284162592124,0.196173584777
0.377045180757,-0.00393010842284
0.307760466304,-1.03773858635
0.335331671873,0.472406427362
0.187023044959,0.510473041101
-0.536923384397,-0.795185326134
0.533030712333,0.176153732808
-0.374969659734,-1.5438143605
0.859458791101,-0.378902771735
0.293984534415,0.520482285136
-0.594547108399,-0.340398425576
0.0147959734318,-0.256064551201
-0.0737409970146,-1.51048352465
1.61302182686,-2.66453405443
0.537528064459,0.163358813207
-0.247410196814,-0.494017486516
-0.218300765314,0.556600412915
-0.261049754077,0.532329703778
0.0691852394708,0.466278835925
0.107995989294,1.1877882295
-0.306973362254,-1.25432182767
0.141485159743,0.833939674997
0.611339466981,-0.696229061892
0.178752167961,-1.44200835643
-0.69432933375,-1.69361841846
-1.09609227928,-1.78127362703
0.291043974692,0.71975277464
-0.192887389241,0.479862489307
2.54033877571,-3.43727503076
-0.833904442206,0.202085315662
-0.321580096128,-0.788916119001
-0.594334617615,-2.35490686694
0.423782395834,-1.60653015453
0.761725512434,0.0659785054544
0.0465458115354,0.658242621592
-0.674291345093,0.0709957192302
-1.64117151976,-0.488945783047
0.438603082198,-1.03379051827
-1.15149693527,0.533985549278
-0.339786849515,0.0330569449048
2.31598171917,-3.19887528446
1.70268183192,-3.23197315857
-0.0765474709736,-1.03221305071
-0.842259481548,-1.23686948979
0.756656441879,-0.587531534311
-0.493972612577,-0.419265602881
0.366757133945,0.28228330528
-0.258966981674,0.149525157121
-1.17284210235,-0.0513993179773
1.13000310818,-1.47959567005
0.0712826945425,0.896798090374
-0.766442178448,0.6182457251
-0.290092664693,0.820876990501
0.304010797813,-1.81793229972
-0.125161613896,1.18267538102
0.494077815489,-0.740471957023
-0.172711484408,-1.55180924048
0.418194348291,-1.86423699075
-0.156000534102,-0.0831699021562
-0.142384149041,-1.66081799722
0.129497255209,1.25528630097
-0.475262818095,0.0295890034504
0.025061633105,0.798797289492
0.392840482556,0.251638960166
0.121600561709,0.994159170938
-0.0744156467725,0.786779251735
-1.17555997087,-1.27950501358
0.456448443955,-2.06639315774
-0.080010509885,-1.34050264304
1.31721877002,-1.51572834563
-1.48471730868,-0.953003247713
0.395231951821,-0.0900989796755
0.468760249196,0.708900899257
0.15853654767,-0.142226875033
1.07717407361,-2.93185702354
-1.67311996832,2.14690696895
0.28795333018,0.486897331825
0.0169108975904,-0.688176959696
-2.06833161796,0.590964015789
-1.6580076553,-0.0620433688136
-0.161225649284,0.147256119888
0.846038976002,-0.202124100542
-0.833904442206,0.202085315662
0.768988268955,0.064383078231
0.656548540599,-1.45777234134
-1.27004424214,1.21067101462
-0.116838905398,0.645578622761
0.194771568467,0.0727890473436
-0.935314222254,-1.03805421469
0.613745938772,-1.13488094081
-0.236959779825,0.543993966804
-0.457239281294,-0.498030390387
-0.50727630102,1.23773058597
0.355826170598,0.90638292834
-0.687069169489,0.953109187631
-1.25580812028,-0.729668266425
-0.0356765767197,-1.21734571281
-0.0810241099241,-0.228895430607
-1.55948542927,-0.817015676028
-0.180115346984,0.958966956797
-0.383586813677,-0.540890385018
-1.15850988284,-0.668262082876
-0.77733317715,-0.229263037147
0.167562485382,0.299600502349
-0.255112296894,-1.72888218682
-0.360060875224,0.275838817976
-0.681822102978,0.0862430474816
0.477307581374,0.715936467461
-0.907237811606,-0.727265355909
0.0806863263068,-0.135068376481
0.377954067905,-0.294385631229
0.500041883121,0.175138989854
1.16666284408,-0.475394155229
-0.684514394471,-1.19583280509
0.835485760918,-0.685669055701
-0.365110835078,0.295794858139
0.019516693412,-0.535958028769
0.264356810106,0.499449288242
-0.339349100895,0.625964523722
0.450345293482,-0.00740999399964
-1.6356694854,-1.1731858106
-1.19836798693,-0.34591302275
0.0454108566747,-0.409894265333
0.0121064977511,0.293153167818
0.514857403065,-0.11209461771
-0.329032528018,-0.292026712953
-0.849919050358,0.0914496298843
0.099764461222,-0.0151103736122
0.329200680333,0.255033644086
0.481021664423,-2.0911490034
-0.123871407006,0.000995975112983
-0.329750144857,0.146687379741
3.39793650558,-4.18357770039
-0.53102061702,0.00728294443584
-0.0632950155929,0.193881577993
0.330448215185,-0.554232416071
-0.891840427016,-0.127111013855
-0.19856520136,0.580344137625
-0.0325941809075,1.14244538976
0.416604780879,0.746282409046
-0.47865331315,1.5641594248
-0.838190844279,-2.0771314888
-0.594684027255,0.164011859875
0.251122608874,0.303099155767
0.046745135566,1.24911343143
-0.196925772272,-1.07720202353
-1.7735640952,-1.42449820395
0.0454108566747,-0.409894265333
-0.477018186396,-1.83613432462
-0.334711632498,0.869368487951
-0.602360060296,-1.46340886768
0.444373848772,-0.205355553698
-0.339786849515,0.0330569449048
-0.436978717381,-0.366395041688
0.493082602833,-1.00822148595
-0.143987092062,0.829088566705
-0.711671592666,0.449365229124
-0.32468063849,0.0955622832153
-0.74155268988,0.889258668347
0.2671264017,-1.49412170398
0.421031860732,0.694457651604
2.09677661069,-2.28607446602
0.416264912302,0.0773519235206
-0.782893911966,-2.83298464736
-1.27746125337,0.170207152654
0.377126027524,0.0780435115219
0.107088027977,0.435022745746
-0.539244091369,-0.753003418725
-0.31962613465,0.141351125765
-0.749634078953,0.484535263565
-0.954488152252,-0.777022632414
-0.124185270288,-0.900043875532
-1.20101195748,-0.952518919373
0.102574070851,0.427674983853
-1.62053074855,-1.70417680829
-0.444859561549,1.00749338625
0.27019079255,-2.36757373133
-0.42258557921,0.200569272028
0.0211324354626,0.7349805452
-0.869511610739,-0.0934562148694
0.81268672441,-0.352685831486
0.212642204665,-2.7182498504
-0.729780706843,-0.669597377103
0.0580208313325,0.449451436432
-0.0839028869069,0.271427793073
0.845086801916,-0.859979521244
1.98454634505,-2.46978015736
-1.84049608416,-0.140695213541
0.0762064357325,-0.45840919168
-0.537191385762,-0.781533425106
-0.716516874627,-0.122886648613
1.29087338881,-1.33378653797
-0.136231339406,0.329215905538
-1.34001480327,1.63695316986
-0.677950144089,-0.0852480596901
0.158997352538,0.796379004665
-0.981371995219,-0.328555226972
-0.113038323702,-0.547080741238
-0.307513178116,0.233563984826
-0.591033592094,-1.30032677432
-0.127179629698,-1.85247477377
-0.561235062284,-0.58314107275
-1.16285414692,-0.435099630941
-1.10528355349,-0.35481436396
0.0824946385631,-0.303280713353
0.58817412079,-0.0954318217921
-0.123328027198,-0.743973214121
0.465182772289,-1.45757964781
0.583908182705,0.61937270794
0.708878152227,-0.167372768804
-1.8597553507,0.338667132097
0.0904785758688,-0.000673610010038
-1.06082468428,0.0762994474124
0.654416154888,-0.689524198045
-0.392511616748,0.552486951404
0.275344522186,0.449243386921
-1.18663469345,1.120629606
-0.133130984487,1.48778947489
0.562410791667,-1.06915403609
-1.4827153213,-1.57822807644
0.0748493414261,-0.598202425904
-0.443751271347,-1.46724183032
-0.752377772852,-2.02801711034
-1.04680800201,0.689994786762
0.355826170598,0.90638292834
-1.18786462598,-1.34183723438
0.139621639483,0.705761572827
0.371522620668,-2.15326475294
0.439006702521,0.0355567759835
-0.142579178272,0.0175547093466
0.172125245938,1.17032827806
0.670091625316,0.278507895357
-1.83421070468,-1.29036437866
0.0131001696771,0.283399414053
-0.387989551689,1.36849621927
0.265352512782,0.428612946898
1.66218887256,-2.65562157728
-0.0835186181174,-1.19760375603
-0.00559542462177,0.459958550959
0.355826170598,0.90638292834
1.71711014157,-1.99886347918
-0.198082811695,0.900202445239
0.432378264582,-0.770809641848
-0.973346195751,0.850462141075
0.5203917758,0.653220990306
0.888473673207,-0.900754033903
0.140449251588,0.511471638223
-1.3133912572,-0.952261390057
0.04979200312,0.872243801014
-0.252561842309,0.536047542651
-0.311923170483,0.493441481632
1.08918945268,-1.05915515647
-0.740743767735,0.369859373811
-0.277513059408,0.330031131244
-0.988229395708,-1.54965712252
-0.0491493357735,0.993368623328
-0.120844521774,0.359930537346
-0.144073627246,1.08680689686
-0.163192341705,1.11773299004
0.131033878667,0.678702566115
-0.127099406185,0.97718595404
-0.662936966544,1.82349116934
-0.357807499014,0.143315334869
0.298654038613,0.508975783637
-0.684232200459,-0.0575750347359
0.581796215128,-0.0528184777077
-0.424674000518,-0.464509483013
0.0611074143441,0.804472054403
-1.51346964335,-4.06223508799
0.169921857101,0.373219690362
-0.580480564453,1.22627015242
0.110497882101,0.912335239605
2.05418317654,-2.85569536669
-1.38243305729,-2.28433748232
-0.236027400619,-0.105398391412
0.3640063038,0.352309081975
-0.951861643255,0.16571899901
0.166555718192,0.666078931864
-1.17284210235,-0.0513993179773
-0.133961724727,0.234527649947
0.865779029733,-0.478684759136
-0.15002754866,0.392278940238
-0.653961239759,-1.28466598738
-0.226127427374,-1.5304096427
0.0633646112224,-1.31512936729
-1.26212110753,0.535053643244
-1.18786462598,-1.34183723438
-0.671471891824,-0.969602034352
-1.03981391596,-0.984722294711
-0.863164066915,-2.01275704812
0.025061633105,0.798797289492
0.266923264536,-0.624410503387
3.7043102466,-5.71147011698
0.487237315042,0.289530858367
-0.566875617971,0.488452619686
0.835485760918,-0.685669055701
-1.0495253805,-0.87669677911
0.3999486103,-0.247827282087
-0.101936134114,-0.126670939631
0.0860360034703,0.486650956781
-1.5364984531,0.646751737951
-0.298743803189,-0.150787299099
-1.03116080846,0.086306069438
-0.0814611276906,0.704523883726
0.478034868715,-2.2623817914
-0.611921269883,-0.351605549851
-1.11122118002,-2.20716981225
-0.123871407006,0.000995975112983
-0.438825390988,-2.15143316792
0.277790958621,-1.4610168773
-0.0235954151543,0.994690375403
0.176047930588,1.06903606509
0.333267963496,0.636131859787
-0.127075236663,-1.76338872322
1.58873886167,-1.58540412661
-0.427242593299,-3.55358110482
0.753892765657,-2.36427971557
0.0833716147881,1.3204843891
-1.58208059776,0.172583240743
-0.32468063849,0.0955622832153
-0.0992970816178,0.958378548444
-0.410901096699,1.3302278151
1.30862646522,-1.60853223505
0.263292991605,-1.41243210528
0.322724592052,-1.33079620642
0.10974097808,0.441019875759
-0.149138510602,-1.5714736275
2.84088080669,-3.83622972091
1.08918945268,-1.05915515647
-0.0617514975418,-1.28827760191
0.523838645522,0.236732764859
0.291750466858,-0.758506866329
1.13744785288,-2.43678986207
2.52997437191,-3.5333396203
-0.423058258468,0.806429090956
2.38951306685,-4.52570498545
0.458733294457,0.13341333916
0.16246291222,0.70500013915
-0.179597846773,-1.43649817676
-0.142579178272,0.0175547093466
0.305291401896,0.348684168843
-0.134518876442,0.175943887796
-0.42258557921,0.200569272028
0.730955269562,-1.80438948859
0.602918940184,-0.24355605905
0.019516693412,-0.535958028769
-0.405351713085,-2.06978191308
0.757976279754,-1.4188503442
-0.21560225587,-0.227176806697
0.565288214543,-0.348117045055
0.979235252965,-1.01199348402
1.95173372187,-2.06517572922
0.3999486103,-0.247827282087
0.167471554142,-0.163902769973
0.40453443464,0.44210286636
0.100864938535,-1.06754506671
-0.196049170114,1.09075155309
0.422276508281,0.30255259532
0.247980810324,0.178184026896
0.0727807149969,0.0439665979733
0.568745222947,-0.0170263521085
0.0394512073304,0.622844979948
-0.578006581992,-0.638596194231
-0.0367885468214,0.308870276607
-0.0510907537531,0.205409235213
-0.172294208131,0.115488401264
0.311883695858,0.6395810334
0.216682859279,0.642644838284
0.145431452405,0.57931323051
0.0841655344077,0.897999033642
-1.6219005738,0.0567740724046
0.174412696235,0.195315813501
-0.078380567651,0.555849674163
0.286373365574,-0.250879142848
-0.0355763708845,0.876510822342
-0.591484989951,0.52423484021
0.4645233125,-1.30028278208
0.858609601734,-0.0923611931902
-0.0010379389048,-0.261385449195
-1.17098147693,1.02063571621
-0.296578160803,0.0137951147528
-0.546678697385,0.951769691694
0.652445890986,0.0645319769925
0.0182154837526,0.780916803183
0.0465458115354,0.658242621592
-0.70859176348,-1.22563587359
1.00344351786,-1.9902955285
0.223201014445,-1.55287085956
-0.339786849515,0.0330569449048
-1.19010019139,1.05156180939
0.781191051809,-0.362039209372
0.294555957802,-1.04417478494
1.16279463658,-1.60403839637
-0.183965657121,-1.21044815544
-0.190011863882,-1.14711916967
0.186404654734,0.178299940517
0.355582151313,0.222512123684
-1.41011338016,0.373858988242
2.01870056998,-2.29909154192
0.0314882955222,0.727018765064
2.08566538734,-2.47192476704
-0.17585666028,-0.920777495203
0.291750466858,-0.758506866329
-0.741413740274,0.323765795318
-0.374969659734,-1.5438143605
-0.308876792949,0.455157721486
-0.0583648871091,0.886388562645
-0.366805098103,1.11276210609
-1.13513593802,0.952164749699
0.148452314665,0.434552965209
-0.561569281956,-0.204188256577
0.228157879076,0.433853653124
0.184413249381,0.319972623205
0.114170088683,0.328112530738
0.687218203569,-1.13707240828
-1.01096886767,1.18851339502
-1.03981391596,-0.984722294711
-0.0268903017501,0.649407714198
-1.20373556145,0.0731385150792
-0.584799118281,-1.00363879021
-0.877440830062,0.238912991104
-0.476147668954,-0.0114289134105
0.57091689584,0.124754961135
0.272377334734,0.0863948804261
-0.480186051985,-1.56849342625
0.046745135566,1.24911343143
-0.357807499014,0.143315334869
-0.0973214096434,-0.61270708832
-0.236705862691,0.11053092643
0.28795333018,0.486897331825
0.291857876634,-0.438536773475
-0.190167659322,-2.46668174156
0.207548528776,0.0734499233812
-0.0464661314329,-1.39796075851
-0.402752999299,1.03106443447
0.0904785758688,-0.000673610010038
0.651729138234,-0.379528274752
-0.195965054444,-0.315320233147
-0.525996475017,-1.82361570218
0.0543766607953,0.740482192601
0.275208521625,0.43692859395
0.333667965664,0.596513264761
-0.939513942031,-0.688550600105
-0.339786849515,0.0330569449048
1.69905088153,-1.63835691862
-0.176470319895,0.311657784332
0.209790473942,0.254261074466
-0.526837066432,-1.06699848794
-0.180386974038,0.390148896691
-0.182217237623,1.19480135167
0.821498709631,-0.949003799036
-1.09412651566,-2.19309867584
-1.06793681178,0.537484202696
-0.2138395647,0.554831868182
-0.869511610739,-0.0934562148694
0.44062418028,-0.985549267067
0.0862309709576,-1.03127508766
0.30171099064,0.513635805594
-0.0709376053355,0.998154904998
-0.00841271390684,-0.969627520626
0.0546508086204,0.909631794855
0.728973886938,-1.1207404914
-0.850384835022,-0.208265996235
-0.63046543282,-0.437784767197
-0.4230829714,-0.0223750965106
0.287236631636,0.408886346097
-1.02912919009,-0.188558163276
0.440164418588,-0.781570065652
0.0845124850213,-1.38169789745
0.36291069033,0.560250917606
-0.0524898351005,-2.47010442325
0.021193673973,1.00856988363
-0.362528585525,0.440901358459
0.436855260319,0.496388105368
-0.0111563002064,0.791834106479
-0.952300255961,0.455585764631
-0.982882613382,0.0159191427606
-1.04277921343,1.52694377695
-0.711671592666,0.449365229124
0.391032232044,0.259404634912
-0.247410196814,-0.494017486516
-0.447023608995,1.48646352111
-0.261199216433,0.894432132578
0.328611002797,0.789946217937
-0.311923170483,0.493441481632
-1.17288703844,-2.00931207622
-0.261000435812,-2.0840759223
-0.128237194139,0.692459337006
0.430462726199,0.0917269143634
-0.578006581992,-0.638596194231
-0.455705785972,-2.52216588479
0.454525466748,-0.325744552225
-0.372872337896,1.29580613154
-0.0266674314513,1.24739095465
0.838443237963,-1.24853867575
-0.106224077737,0.85852444219
-0.228698861602,0.232340402511
-1.48580510926,-2.16736193555
-0.0176168884071,-1.75599148152
0.466693257219,0.607047220044
-0.601254067312,0.941140978511
1.68976543199,-2.32855529131
-0.113605747332,1.05585781581
0.237419915584,-1.29216164238
-0.198082811695,0.900202445239
-0.400681478033,-0.554961521426
0.439722972789,0.291706969859
-1.00958330151,0.33047954026
0.157462644696,-2.43563792093
-0.305924608023,0.914920167055
-0.229067576101,1.10542548014
0.282282038588,0.225992009261
-1.39208747052,0.102047856321
0.462809557173,-0.0860972117472
0.354975448036,0.388925296046
-2.21263825419,0.332208753809
0.227926465035,-0.268155957008
-0.289307234607,0.660414531375
-1.39208747052,0.102047856321
-1.66273439825,-0.285844718779
0.00016206759926,-0.380241234275
-0.114181955539,0.689857239744
0.119971109495,-1.24077901654
1.54684238538,-3.01821255446
-0.103137245538,-0.989953573537
0.773672294013,-3.77386288919
-1.84434542261,1.0811293308
3.48875828068,-5.16381289318
2.66023266413,-4.17755770611
-1.30565915207,0.0887754320994
0.533030712333,0.176153732808
-0.46830629941,-0.252294826315
-0.143937136665,0.760535819561
0.107088027977,0.435022745746
0.246601702945,0.835277572904
0.180920579485,-0.338677565147
0.338336364943,-0.397131655724
-1.26681944037,-0.526128133584
-0.237196609474,1.18550974654
0.287664241573,0.254215006521
-1.3031690177,1.56339074472
-0.604189459795,-1.54153075714
2.22749017483,-2.83396736994
0.0171565118152,0.639246393672
0.150224413665,0.437813665331
0.350380644143,0.299603914208
0.466888955559,0.615448068753
-0.137970476774,-0.972176266877
-1.60144179831,0.323637740103
-0.516740851437,1.08576997421
-0.145893423937,-2.33961086707
-0.0973214096434,-0.61270708832
-1.04277710366,-1.30928931424
0.48130448087,-0.158662871927
-0.54527885955,-1.5295049953
-0.0543223168786,0.43868259088
-0.191850181189,-0.785078954649
0.128568144907,0.416633253002
-0.333473372243,-1.57025083504
-0.3060666933,0.559357208677
0.617934219969,-0.644553993061
0.428401476848,0.0162305510627
-0.1413390205,-0.0740459636323
-0.0696092237178,0.270862464785
2.16686059863,-2.8578300713
1.25651646252,-1.3393990891
-0.321860400159,0.9473406888
-0.0967281064167,-0.565149701038
-1.00888479537,-0.781700632361
-0.366805098103,1.11276210609
0.617261298384,-0.112839905554
1.14997833488,-2.88077799496
-0.0975882443437,0.222636569568
-0.795429312016,-1.91055292301
-0.54294033424,0.162692729809
-0.101936134114,-0.126670939631
0.115267725368,0.585584035672
0.648414643382,-0.533195217468
-0.157196914915,0.618155844057
-0.0799049501865,-0.429724835632
0.149039658874,-1.74374312236
-0.113157050153,1.14752070256
-0.968713138107,-1.380980015
0.109810760333,0.818635583875
-1.85450827666,-1.0546949362
0.13412495899,0.206922872638
-0.660730643358,0.289167573216
-0.205039687166,-0.888429092311
-0.759797376342,-0.420157938998
-0.247867437736,-0.689706742954
-0.0612859032952,0.569920810571
-0.680329738964,-1.28797581847
-0.325175135844,-1.07123901734
0.0740991987652,0.434008002792
-0.450053310039,-0.703764612712
1.16666284408,-0.475394155229
-0.0339212084184,0.648377615262
0.253652101916,0.439089349461
-0.0107240672589,-2.07224285399
1.18354786207,-2.81406705925
-1.35522778733,-1.05056692688
1.07840487777,-1.87866045575
0.324287095105,-0.256883996945
-0.202788093339,0.378546847442
0.099764461222,-0.0151103736122
0.363991301274,0.44922302105
-0.5322502003,0.141827399518
-0.0310281597633,-1.47518644064
0.344434099807,-1.1125894296
-1.02149114434,-1.05857637299
0.0466331170846,0.53927593278
-0.735012226599,0.127818219714
0.247212467723,0.546699225385
-0.121957222729,0.359819633614
-0.850384835022,-0.208265996235
-0.041157088023,-0.991406595215
0.0165989318247,0.758801839669
1.66640722055,-2.51956916981
0.183866182139,0.642918513432
-0.393701484569,1.41892165488
0.0558312068684,0.982391728264
0.834811672669,-0.975646725055
-1.04277710366,-1.30928931424
0.016150608712,0.122950478749
0.0795131176947,1.1175582745
-2.23817465151,-0.165695395193
-1.46672740262,-1.86926472453
0.213799787498,-1.12627545445
1.09890946096,-1.06315430239
-0.0526203741982,0.608516057051
-1.30663985222,0.0626978343686
0.0465458115354,0.658242621592
-0.794790644427,-0.0832219856411
-0.0204148186234,-1.17369463789
-0.286159708127,-0.941937541661
-0.537779896634,0.575070905606
0.360676993865,-1.74749589324
-0.658988999917,-0.562733230041
0.3640063038,0.352309081975
-0.522775432175,-1.73378357393
-0.108719395807,1.13863972722
2.72313584723,-3.68360584523
-0.258137292144,0.786697829099
1.37111145375,-2.26515293749
-0.477313982973,0.335622292527
0.412982569205,-0.125622881033
0.806195881971,-0.503184907634
-0.196925772272,-1.07720202353
-1.04680800201,0.689994786762
0.52723498446,-2.81950225451
0.282922434351,0.287774257756
-0.245934563499,-0.00577372452033
0.0558040349101,0.392809336523
0.00958365093554,-2.0868293062
1.62749864489,-2.79900639066
-0.104041347866,1.23115959541
-0.27532226828,0.618782596272
0.0771943872639,0.732608328318
-0.226824276829,0.0648764165101
-0.180386974038,0.390148896691
0.539988149314,-0.622455175379
-0.0052254892492,0.774614496208
-0.263761483664,0.0135214396047
-0.864550061353,-0.976583985206
-0.0772851096474,1.52988048644
0.710870911686,-1.5304056662
-0.611103368185,-1.471613611
-0.216496809601,-1.72040877824
2.3809400669,-2.97267522568
0.297375706113,0.14618949092
-1.08511392082,-0.686682287583
-0.466829016946,1.24555075041
-0.229814021583,0.471451294505
-0.829486146929,-1.81867857489
0.541325323042,0.0926955893721
0.404203109805,-0.122801249485
0.0271006902941,-0.354178992526
-0.0736067246274,0.267379957199
-0.104202979655,0.90676569339
-0.0211588765679,0.20176395621
-0.51503853469,0.711414966216
0.0860360034703,0.486650956781
-0.781686849059,0.782647389545
0.200584945335,0.689257328287
0.172000139728,0.290719527009
0.731505036663,-0.501644411122
0.393752505373,0.882239268767
0.0171565118152,0.639246393672
-0.151249078217,0.969435635276
1.29647779298,-2.39435385553
0.4645233125,-1.30028278208
-0.522632616045,0.148106277596
0.187499832393,0.674993241176
0.551198793437,-0.235124498377
0.126015962149,-0.0827477875936
-0.0713907922915,1.20679640155
-0.087979880476,-1.03538854917
-0.0174740722772,0.125898370011
0.505081945946,-2.26939867426
-0.21326581552,1.16005423997
0.259360168272,-2.05871881071
-0.0112180212019,0.330334710176
-1.62575834004,1.38017485096
-0.230393739525,-0.271416638801
-0.779985691441,-0.939895303451
-0.565717847696,0.0373750440672
0.48178778883,-0.355529642735
-0.127075236663,-1.76338872322
0.328549702542,0.67680354163
0.115612083722,0.954210137893
-1.04389988908,-1.69092987034
0.554831712837,-1.72937666378
-0.374969659734,-1.5438143605
-0.785773250458,0.254579022059
0.107826001205,-1.28368401377
-0.213062732565,-0.0757062266424
-1.82816049816,-1.31541187745
0.742100131189,-1.75639303274
0.218783154979,-0.236742105301
-1.28986378853,0.183897838562
-0.0830962363452,-2.05180167731
-0.403061072908,-1.75768928021
0.198697202163,-0.606310831624
-0.0127655217298,-0.840491438373
-0.603150019671,0.384933226557
-0.106642653911,0.778636281175
0.37953606326,0.382308255866
0.307189042917,0.526918483723
-0.471263776455,0.310574793732
-0.254867546756,0.481315510985
0.129497255209,1.25528630097
-0.015161721605,-2.06336187865
-0.944347972855,-0.0575810686048
-0.591635564762,0.430694778167
0.216580925271,0.314336992006
-0.559275692733,-0.46990328971
-0.00841271390684,-0.969627520626
-0.229067576101,1.10542548014
-0.296879418842,-0.905383541368
-0.172967503782,1.19139096294
0.329461056251,-0.379369705046
-0.43064225535,0.624650054713
-0.228142876551,-0.530767592199
0.123023874322,0.768651490017
0.720880685219,-0.141444859685
0.0618327183746,0.826062747686
-0.914879421308,-0.600163769453
0.27090686784,0.45812436226
0.245645474893,-0.226908600785
0.160747259376,-0.428832940532
-0.0359076957189,0.311606706498
-0.156345756542,0.430978340061
-0.424674000518,-0.464509483013
-0.448522414511,0.446918854343
-0.142786315193,0.848984422973
0.0910374557567,-1.70763853674
-0.0268903017501,0.649407714198
0.333070367638,-1.72028763893
-0.197819976751,0.0265773003816
-0.544405447271,-0.6486565161
0.265037357137,0.588486648839
-0.389727022628,-1.5379979799
-0.315784242557,0.324134558869
0.344659864943,-1.45846312116
-1.25678200486,1.1138291944
0.307189042917,0.526918483723
0.303917274314,0.366887461273
0.480866412393,0.158667289437
-0.239578609166,0.588053049501
-1.0627173455,-0.740825121046
0.0375385020395,0.70197126627
0.523838645522,0.236732764859
-0.599070527564,0.0649525212711
-0.272692490379,0.0734788215147
0.541155629996,-0.147814624456
0.247980810324,0.178184026896
-0.929612133014,0.394903460747
-0.205039687166,-0.888429092311
1.09583498564,-0.571231927423
-0.464545566406,0.232256798883
0.244633977094,-1.42503855139
-0.687069169489,0.953109187631
-0.25220199141,0.469173835523
-0.317642052166,1.08339309627
-0.53102061702,0.00728294443584
-1.12436588314,2.05649404592
-0.232836719615,-1.89225375233
-0.0377951980575,0.880951310012
-0.0976272289482,1.01707321433
0.486688037962,-1.35180008938
0.647582300667,-1.90351366298
-0.732806735523,-1.38481035563
0.263292991605,-1.41243210528
0.301227402334,0.23316506478
0.325435216719,-1.79412636123
-0.195071231566,-0.348415154752
-0.809638128682,-1.78973248781
-0.0620061628092,0.233562386797
0.263292991605,-1.41243210528
0.301828853005,-0.298191293768
-1.02044828738,-1.27563451525
0.429120634418,-0.144980258935
-0.24829277609,1.26879477247
0.333858933395,-0.95969426665
-0.192242993722,0.579926224772
0.505081945946,-2.26939867426
4.44160081152,-7.34650626603
-0.2262436948,-0.0750299946229
0.580478105426,-0.98704835669
-0.114085973013,-1.73418431697
0.210892110383,0.550014066369
-0.140713627262,0.0846502239382
-0.38925688142,0.870514500508
1.09583498564,-0.571231927423
0.561039799755,-0.12989491225
0.693177478847,-1.6256231794
-0.690123529256,-1.69987386764
0.249039836471,0.685903702424
-0.112661198693,1.09296178841
-0.132424370417,1.18427080824
0.289667816359,0.799038654648
0.103446316466,0.486831706189
-0.247954012432,0.955586839009
0.773672294013,-3.77386288919
0.424674490539,0.125923612739
0.179843594231,0.354820292543
0.512241896836,-1.19003167518
-0.485501741621,0.268944690788
0.0371943928729,-1.87015346965
0.329269350132,0.177006861358
1.08918945268,-1.05915515647
1.90281107707,-2.46090180403
0.0680539103003,-0.0193880898658
0.57910957254,-0.287011028579
-0.324084937982,0.0643445368977
-0.0520718279705,0.723520111646
-0.275478982016,-0.184054897196
-1.84434542261,1.0811293308
0.59588557449,-0.00536436225947
-0.149138510602,-1.5714736275
-1.74831561982,-0.337584623397
0.0437735915712,-1.22253192934
3.40033492365,-5.06484181926
-0.0543223168786,0.43868259088
-0.753317529137,-0.660959364948
0.636343923076,-0.29318628599
-0.918421712046,-0.346874433023
-0.0915409326634,1.14144600279
0.00520513286034,0.50537817061
-1.36204228249,-0.252673476612
0.0529899355043,0.250328362363
-0.300581558987,-2.37598752981
0.263292991605,-1.41243210528
-0.0204148186234,-1.17369463789
-0.560294139335,-1.12850706128
-0.0620061628092,0.233562386797
-0.810963266211,0.590714315842
0.293984534415,0.520482285136
0.308399757148,-1.95809475684
1.25402760323,-1.26022411282
0.781191051809,-0.362039209372
0.272212808109,0.705857910427
0.409136989678,-0.730429613145
-0.810581892259,0.0655396987563
-0.523977166853,0.150620900023
0.374407294925,-0.267287839638
-0.321580096128,-0.788916119001
4.44160081152,-7.34650626603
-1.18541843873,-1.0485988649
0.62177790198,-2.38776591096
-0.0226931027435,0.699572557463
0.618819009084,-0.443089414074
0.220079384841,-0.914726683675
0.802358472119,-0.4597767959
-0.256641730716,0.173088132424
0.428971164527,0.743618098007
-0.843688148025,0.171716918874
-0.142407796565,-0.119908513899
0.167471554142,-0.163902769973
-0.977311901692,-1.27284359566
0.785126334167,0.0450257003287
-0.392417174952,-2.14905788801
0.334044849839,0.37164303098
-1.43644127758,1.44679365078
-0.314386452752,0.518646300937
-0.493972612577,-0.419265602881
0.172259784792,-1.87001071527
0.621115547353,-1.28661211321
-0.630593192216,-2.05053929178
-0.0376998387857,1.20459686116
0.923788609929,-1.23245473194
-0.33402400343,-1.99022156807
-0.278384930957,-0.273314065256
0.496740911809,-0.513391836758
0.120167974499,-0.410686410973
4.95363963294,-7.82727340274
1.42183091802,-1.56385790324
-0.264377166495,0.780543378576
-0.0644721449374,-1.3669237616
1.76080276067,-1.42076371902
2.35702359883,-4.20441128532
0.307189042917,0.526918483723
1.61302182686,-2.66453405443
-0.978105464525,1.22015712711
0.62177790198,-2.38776591096
-1.63325286739,-1.39075469927
-0.271830329237,-0.248894108526
-0.81804083714,0.397320147545
0.33504431144,-1.52582458682
-0.118587948149,0.98801622352
-0.706409951905,-0.336275641952
0.466693257219,0.607047220044
0.150224413665,0.437813665331
-0.173942850069,-0.0177653625382
-0.663061154458,0.427157339869
-1.18689261034,1.5158111594
0.021193673973,1.00856988363
0.0241164153572,-0.925080238384
-0.300439606943,0.388676666154
-0.198874272288,1.08346600497
0.0543766607953,0.740482192601
-0.0174199691934,-0.559849609932
0.0648645216587,0.706553718467
-0.104202979655,0.90676569339
0.282922434351,0.287774257756
0.502576730026,-0.871949544195
0.641268823395,-0.300205883042
-0.562614979541,1.32277608371
-0.254181645861,-0.612725856161
-0.252561842309,0.536047542651
-0.555686006881,0.995498336372
0.13412495899,0.206922872638
-0.874503219385,0.617450167601
0.813129398617,-0.764717772264
1.24687613434,-2.0751180801
-0.262376781588,0.0382619292783
-0.327225569868,0.761121164887
-0.383098710387,1.15097374738
-0.041227065254,1.20052559638
0.513185153113,-0.0920141499925
-1.12037186715,-1.45809057336
-0.239981016151,1.23294270627
